# RV_4VWX_m  
0 0 0 0 0 0 0.03195 0 0 0 0 0 0 0 0 0 0 0 0.02013 0 0.00786 0 0 0 0 0 0 0 0 0 -1 0 0 0 0.03561 0.01917 0 0 0 0 0.02324 0.00443 0 0
0 0.04 0 0 0 0.05046 0 0.05585 0 0 0 0 0 0 0 0.30131 0.03525 0 0 0 0 0 0 0 0 0 0 0 0.04238 0 -1 0 0 0 0 0 0 0 0 0 0 0.01127 0.04277 0.01273
0 0.28002 0.08722 0.06019 0 0.02262 0 0 0 0 0.07017 0 0 0 0 0 0.1527 0 0 0.07496 0.00786 0 0.02248 0 0 0 0 0 0.05328 0 -1 0.09534 0 0 0.03355 0 0 0.00772 0 0 0.01812 0.02376 0 0.0349
0.09222 0.04 0.3557 0 0.09035 0.05253 0.02113 0 0.06824 0 0.12687 0.02435 0 0.09165 0.07751 0.03479 0.03687 0.08756 0.29308 0.14589 0.10682 0 0.04588 0 0 0 0.15469 0.15599 0.18344 0.2957 -1 0.11759 0 0.07704 0.09619 0.06878 0.08326 0.05925 0.16819 0.03809 0.12575 0.08411 0.08215 0.06409
0.09222 0 0.04424 0.06988 0.06393 0.13821 0.09323 0.34899 0.0328 0.02047 0.02625 0.01046 0 0.12435 0 0.10939 0.21185 0.08917 0.23069 0.11283 0.17113 0.12331 0 0.0536 0.11738 0.27886 0.03672 0.01051 0.04772 0 -1 0.08266 0.04125 0.24565 0.12332 0.14261 0.09732 0.09525 0.04476 0.10424 0.19836 0.0985 0.12258 0.09198
0 0.19796 0 0.2852 0.11883 0.16695 0.14196 0.21155 0.11101 0.17247 0.14205 0.14021 0.05327 0 0.05706 0 0.1542 0.24544 0.06865 0.07616 0.23766 0.10059 0.06456 0 0 0.10826 0.05752 0.10363 0.16707 0.08182 -1 0.07834 0.10014 0.11026 0.11163 0.2051 0.21075 0.09497 0.06668 0.10986 0.04228 0.26011 0.06693 0.0527
0.06156 0.03738 0.16807 0.07229 0.23075 0.25851 0.2149 0.08277 0.23563 0.08292 0.04408 0.14199 0.04815 0 0.02629 0 0.03687 0.14212 0.17229 0.08431 0.06376 0.17911 0.06366 0.07455 0.10391 0.21111 0.1487 0.22248 0.05154 0.25038 -1 0.10435 0 0.15394 0.10213 0.15367 0.02487 0.11217 0.02079 0.18062 0.04872 0.18343 0.20427 0.02932
0.20661 0.06096 0 0.07513 0.14789 0.11891 0.16285 0.13454 0.10492 0.04304 0.06114 0.16342 0.13574 0.13874 0.09053 0.0599 0.12075 0.10274 0.10083 0.0441 0.14717 0.20572 0.12892 0.16032 0.06596 0.09267 0.11793 0.03972 0.07994 0.06712 -1 0.04185 0.10198 0.02053 0.08585 0.10506 0.23017 0.12042 0.09036 0.07561 0.12588 0.02054 0.08198 0.03227
0 0 0 0.10239 0 0.0747 0.18792 0.03022 0.15707 0.16934 0.12394 0.06782 0.12043 0.21886 0.15608 0.03479 0.06182 0.03228 0.02234 0 0 0.01815 0.18746 0.06926 0.16055 0.1067 0.10402 0 0.02117 0.08911 -1 0.13694 0.08176 0.21472 0.03345 0.10213 0.03682 0.12024 0.08404 0.02948 0.13826 0.04106 0.13169 0.15701
0 0.1483 0 0.06524 0.29071 0.09035 0.01175 0.05303 0 0.08275 0.12942 0.08407 0.03992 0.23479 0 0.0599 0 0 0.0207 0.19565 0.02134 0.1928 0.19654 0 0.20449 0.04081 0.0826 0.14221 0 0 -1 0.05115 0 0.05671 0 0.05653 0.12598 0.13204 0.0974 0.01323 0.02646 0.06528 0.01608 0.12242
0.06156 0 0 0 0 0.02676 0.01103 0.02055 0.03656 0.13052 0.07127 0.1321 0.05643 0 0 0 0.01745 0.14638 0.01896 0.09135 0.05366 0 0.17726 0.02528 0.15435 0.05186 0 0 0.02966 0 -1 0.09942 0.12011 0 0.10817 0.02522 0 0.01743 0.1557 0.03426 0.06901 0.00348 0.07762 0.08794
0.16208 0.09753 0 0.07367 0 0 0.10214 0.01446 0.00796 0.11616 0.07357 0.17647 0.11811 0 0.25764 0.14083 0 0 0 0.00544 0.04267 0.15544 0.08068 0.41389 0.05796 0.03721 0.03329 0.03406 0.02966 0.06838 -1 0.03304 0.1887 0.0821 0.02595 0.01868 0.04642 0.0686 0.0868 0.02641 0.08583 0.06728 0.0162 0.06052
0 0.03425 0.03273 0.10072 0 0 0.02113 0.04062 0.00796 0.05297 0.06421 0 0.12127 0 0.1267 0.08967 0.03045 0 0 0.04556 0.065 0 0 0.02528 0.0856 0.0276 0.01354 0 0.06745 0.05837 -1 0.08397 0.16387 0 0.04413 0.02166 0.10709 0.04993 0.02642 0.05214 0.04343 0.04693 0.02613 0.08505
0 0 0.31205 0.05493 0 0 0 0.00741 0.1245 0.07024 0.01063 0 0.11885 0.19161 0.12851 0.08967 0 0.1543 0.02558 0.10171 0.07508 0.02488 0 0.05147 0 0 0.07196 0.10845 0.12555 0.08911 -1 0.05829 0.13093 0 0.11849 0 0 0.03628 0.02642 0.11682 0.01239 0.04047 0.0494 0.02459
0 0.06359 0 0.02017 0.05754 0 0 0 0.08214 0.01785 0 0 0.01794 0 0 0 0 0 0 0 0 0 0.03255 0.05986 0 0.02245 0.12076 0.12555 0.02707 0 -1 0 0 0 0.08155 0.00642 0 0 0.06429 0.16779 0 0.00476 0.06782 0.05652
0 0 0 0.02017 0 0 0 0 0 0.01785 0.04576 0 0.03424 0 0 0.03479 0.09205 0 0 0.02205 0 0 0 0 0 0 0.05827 0 0.03826 0 -1 0.01704 0.04977 0 0 0.04832 0 0 0.05284 0.02447 0 0.01194 0 0.03152
0 0 0 0 0 0 0 0 0 0.02341 0 0.01738 0 0 0 0 0.04973 0 0 0 0 0 0 0.0665 0.0498 0.02245 0 0.05739 0 0 -1 0 0.02149 0.03906 0 0.02666 0.03731 0 0 0 0.01239 0.01552 0 0.02492
0 0 0 0 0 0 0 0 0 0 0.01063 0 0.05436 0 0 0 0 0 0.02676 0 0 0 0 0 0 0 0 0 0 0 -1 0 0 0 0 0 0 0.05821 0.0153 0.02696 0 0.00856 0.01441 0
0.23366 0 0 0 0 0 0 0 0 0 0 0 0 0 0 0.04497 0 0 0 0 0 0 0 0 0 0 0 0 0.03581 0 -1 0 0 0 0 0 0 0.02749 0 0 0 0.00856 0 0.03152
0 0 0 0 0 0 0 0 0 0 0 0.01738 0.03442 0 0 0 0 0 0 0 0 0 0 0 0 0 0 0 0 0 -1 0 0 0 0 0 0 0 0 0 0.00447 0 0 0
0.0901 0 0 0 0 0 0 0 0 0 0 0 0 0 0 0 0 0 0 0 0 0 0 0 0 0 0 0 0 0 -1 0 0 0 0 0 0 0 0 0 0.0254 0 0 0
0 0 0 0 0 0 0 0 0.03124 0 0 0.02435 0 0 0 0 0 0 0 0 0 0 0 0 0 0 0 0 0 0 -1 0 0 0 0 0 0 0 0 0 0 0 0 0
0 0 0 0 0 0 0 0 0 0 0 0 0 0 0 0 0 0 0 0 0 0 0 0 0 0 0 0 0 0 -1 0 0 0 0 0 0 0 0 0 0 0 0 0
0 0 0 0 0 0 0 0 0 0 0 0 0 0 0 0 0 0 0 0 0 0 0 0 0 0 0 0 0 0 -1 0 0 0 0 0 0 0 0 0 0 0 0 0
0 0 0 0 0 0 0 0 0 0 0 0 0.02344 0 0 0 0 0 0 0 0 0 0 0 0 0 0 0 0 0 -1 0 0 0 0 0 0 0 0 0 0 0 0 0
0 0 0 0 0 0 0 0 0 0 0 0 0.02344 0 0.07968 0 0 0 0 0 0 0 0 0 0 0 0 0 0 0 -1 0 0 0 0 0 0 0 0 0 0 0 0 0
0 0 0 0 0 0 0 0 0 0 0 0 0 0 0 0 0 0 0 0 0 0 0 0 0 0 0 0 0 0 -1 0 0 0 0 0 0 0 0 0 0 0 0 0
0 0 0 0 0 0 0 0 0 0 0 0 0 0 0 0 0 0 0 0 0 0 0 0 0 0 0 0 0 0 -1 0 0 0 0 0 0 0 0 0 0 0 0 0
0 0 0 0 0 0 0 0 0 0 0 0 0 0 0 0 0 0 0 0 0 0 0 0 0 0 0 0 0 0 -1 0 0 0 0 0 0 0 0 0 0 0 0 0
0 0 0 0 0 0 0 0 0 0 0 0 0 0 0 0 0 0 0 0 0 0 0 0 0 0 0 0 0 0 -1 0 0 0 0 0 0 0 0 0 0 0 0 0
0 0 0 0 0 0 0 0 0 0 0 0 0 0 0 0 0 0 0 0 0 0 0 0 0 0 0 0 0 0 -1 0 0 0 0 0 0 0 0 0 0 0 0 0
0 0 0 0 0 0 0 0 0 0 0 0 0 0 0 0 0 0 0 0 0 0 0 0 0 0 0 0 0 0 -1 0 0 0 0 0 0 0 0 0 0 0 0 0
0 0 0 0 0 0 0 0 0 0 0 0 0 0 0 0 0 0 0 0 0 0 0 0 0 0 0 0 0 0 -1 0 0 0 0 0 0 0 0 0 0 0 0 0
0 0 0 0 0 0 0 0 0 0 0 0 0 0 0 0 0 0 0 0 0 0 0 0 0 0 0 0 0 0 -1 0 0 0 0 0 0 0 0 0 0 0 0 0
0 0 0 0 0 0 0 0 0 0 0 0 0 0 0 0 0 0 0 0 0 0 0 0 0 0 0 0 0 0 -1 0 0 0 0 0 0 0 0 0 0 0 0 0
# HS_m
-1 -1 -1 -1 -1 -1 -1 -1 -1 -1 -1 -1 -1 -1 -1 -1 -1 -1 -1 -1 -1 -1 -1 -1 -1 -1 -1 -1 0 0 0 0 0 0 0 0 0 0 0 0 0 0 0 0
-1 -1 -1 -1 -1 -1 -1 -1 -1 -1 -1 -1 -1 -1 -1 -1 -1 -1 -1 -1 -1 -1 -1 -1 -1 -1 -1 -1 0 0 0 0 0 0 0 0 0 0 0 0 0 0 0 0
-1 -1 -1 -1 -1 -1 -1 -1 -1 -1 -1 -1 -1 -1 -1 -1 -1 -1 -1 -1 -1 -1 -1 -1 -1 -1 -1 -1 0 0.01224 0 0 0 0 0 0 0 0 0 0 0.00317 0 0 0
-1 -1 -1 -1 -1 -1 -1 -1 -1 -1 -1 -1 -1 -1 -1 -1 -1 -1 -1 -1 -1 -1 -1 -1 -1 -1 -1 -1 0 0 0 0 0 0 0 0 0 0 0 0 0.00317 0 0 0
-1 -1 -1 -1 -1 -1 -1 -1 -1 -1 -1 -1 -1 -1 -1 -1 -1 -1 -1 -1 -1 -1 -1 -1 -1 -1 -1 -1 0 0 0 0 0 0 0 0 0 0 0 0 0 0 0 0
-1 -1 -1 -1 -1 -1 -1 -1 -1 -1 -1 -1 -1 -1 -1 -1 -1 -1 -1 -1 -1 -1 -1 -1 -1 -1 -1 -1 0 0 0 0 0 0 0 0 0 0 0 0 0 0.00343 0 0
-1 -1 -1 -1 -1 -1 -1 -1 -1 -1 -1 -1 -1 -1 -1 -1 -1 -1 -1 -1 -1 -1 -1 -1 -1 -1 -1 -1 0 0 0 0 0 0 0 0 0 0 0 0 0 0.01714 0 0
-1 -1 -1 -1 -1 -1 -1 -1 -1 -1 -1 -1 -1 -1 -1 -1 -1 -1 -1 -1 -1 -1 -1 -1 -1 -1 -1 -1 0 0 0 0 0 0 0 0 0 0 0 0 0 0.02743 0.00566 0
-1 -1 -1 -1 -1 -1 -1 -1 -1 -1 -1 -1 -1 -1 -1 -1 -1 -1 -1 -1 -1 -1 -1 -1 -1 -1 -1 -1 0 0 0 0 0 0 0 0.00407 0 0 0 0 0 0.05029 0 0
-1 -1 -1 -1 -1 -1 -1 -1 -1 -1 -1 -1 -1 -1 -1 -1 -1 -1 -1 -1 -1 -1 -1 -1 -1 -1 -1 -1 0.06809 0.05306 0.0418 0.05338 0.03659 0.07772 0.0087 0.04878 0.03896 0.0303 0.0583 0.0537 0.02222 0.08686 0.04151 0.03339
-1 -1 -1 -1 -1 -1 -1 -1 -1 -1 -1 -1 -1 -1 -1 -1 -1 -1 -1 -1 -1 -1 -1 -1 -1 -1 -1 -1 0.27234 0.25714 0.12862 0.2669 0.21545 0.2228 0.11739 0.21951 0.24675 0.09091 0.13004 0.26111 0.26984 0.24 0.23585 0.29889
-1 -1 -1 -1 -1 -1 -1 -1 -1 -1 -1 -1 -1 -1 -1 -1 -1 -1 -1 -1 -1 -1 -1 -1 -1 -1 -1 -1 0.25532 0.22449 0.19293 0.19929 0.21138 0.2228 0.21304 0.20325 0.09091 0.1697 0.17937 0.18519 0.19365 0.18971 0.25472 0.22417
-1 -1 -1 -1 -1 -1 -1 -1 -1 -1 -1 -1 -1 -1 -1 -1 -1 -1 -1 -1 -1 -1 -1 -1 -1 -1 -1 -1 0.22979 0.17551 0.21543 0.12456 0.18699 0.12953 0.21739 0.17073 0.14286 0.20606 0.19283 0.15741 0.19365 0.12457 0.1717 0.1399
-1 -1 -1 -1 -1 -1 -1 -1 -1 -1 -1 -1 -1 -1 -1 -1 -1 -1 -1 -1 -1 -1 -1 -1 -1 -1 -1 -1 0.09787 0.0898 0.1672 0.13167 0.12602 0.12435 0.10435 0.10976 0.20779 0.18788 0.13901 0.14444 0.10159 0.09029 0.11132 0.10175
-1 -1 -1 -1 -1 -1 -1 -1 -1 -1 -1 -1 -1 -1 -1 -1 -1 -1 -1 -1 -1 -1 -1 -1 -1 -1 -1 -1 0.01277 0.08163 0.10611 0.07117 0.06098 0.06218 0.10435 0.0813 0.1039 0.11515 0.05381 0.0537 0.08254 0.04229 0.05472 0.06995
-1 -1 -1 -1 -1 -1 -1 -1 -1 -1 -1 -1 -1 -1 -1 -1 -1 -1 -1 -1 -1 -1 -1 -1 -1 -1 -1 -1 0.02128 0.03265 0.05788 0.05694 0.06098 0.02591 0.07391 0.04065 0.07792 0.06667 0.07175 0.05 0.05714 0.03314 0.0434 0.04928
-1 -1 -1 -1 -1 -1 -1 -1 -1 -1 -1 -1 -1 -1 -1 -1 -1 -1 -1 -1 -1 -1 -1 -1 -1 -1 -1 -1 0.00851 0.02857 0.03215 0.02491 0.03252 0.03627 0.03043 0.06098 0.05195 0.05455 0.06278 0.02593 0.0254 0.02971 0.03396 0.02862
-1 -1 -1 -1 -1 -1 -1 -1 -1 -1 -1 -1 -1 -1 -1 -1 -1 -1 -1 -1 -1 -1 -1 -1 -1 -1 -1 -1 0.01277 0 0.01286 0.03203 0.02846 0.02073 0.05652 0.01626 0.02597 0.03636 0.03139 0.02778 0 0.02514 0.02075 0.02385
-1 -1 -1 -1 -1 -1 -1 -1 -1 -1 -1 -1 -1 -1 -1 -1 -1 -1 -1 -1 -1 -1 -1 -1 -1 -1 -1 -1 0.01702 0.00816 0.01929 0.01068 0.02439 0.02073 0.03043 0.02033 0 0.01818 0.01794 0.02037 0.03175 0.01943 0.00943 0.00954
-1 -1 -1 -1 -1 -1 -1 -1 -1 -1 -1 -1 -1 -1 -1 -1 -1 -1 -1 -1 -1 -1 -1 -1 -1 -1 -1 -1 0 0.01633 0.01608 0.02135 0.00407 0.01036 0.00435 0.00407 0 0.00606 0.01794 0.01296 0.00952 0.01029 0.00566 0.01113
-1 -1 -1 -1 -1 -1 -1 -1 -1 -1 -1 -1 -1 -1 -1 -1 -1 -1 -1 -1 -1 -1 -1 -1 -1 -1 -1 -1 0 0.00816 0.00643 0 0.00813 0.02591 0.02174 0.0122 0 0.00606 0.02242 0.00185 0.00635 0.00457 0.00189 0
-1 -1 -1 -1 -1 -1 -1 -1 -1 -1 -1 -1 -1 -1 -1 -1 -1 -1 -1 -1 -1 -1 -1 -1 -1 -1 -1 -1 0 0.00816 0 0.00712 0 0.00518 0.01304 0.00407 0 0 0.00897 0.00185 0 0.00229 0.00189 0
-1 -1 -1 -1 -1 -1 -1 -1 -1 -1 -1 -1 -1 -1 -1 -1 -1 -1 -1 -1 -1 -1 -1 -1 -1 -1 -1 -1 0.00426 0 0 0 0 0.00518 0.00435 0 0 0 0.00897 0.00185 0 0.00114 0.00189 0.00318
-1 -1 -1 -1 -1 -1 -1 -1 -1 -1 -1 -1 -1 -1 -1 -1 -1 -1 -1 -1 -1 -1 -1 -1 -1 -1 -1 -1 0 0 0 0 0 0.00518 0 0 0 0.00606 0 0.00185 0 0 0.00377 0.00477
-1 -1 -1 -1 -1 -1 -1 -1 -1 -1 -1 -1 -1 -1 -1 -1 -1 -1 -1 -1 -1 -1 -1 -1 -1 -1 -1 -1 0 0.00408 0 0 0 0 0 0 0.01299 0.00606 0.00448 0 0 0.00114 0.00189 0.00159
-1 -1 -1 -1 -1 -1 -1 -1 -1 -1 -1 -1 -1 -1 -1 -1 -1 -1 -1 -1 -1 -1 -1 -1 -1 -1 -1 -1 0 0 0 0 0 0.00518 0 0 0 0 0 0 0 0.00114 0 0
-1 -1 -1 -1 -1 -1 -1 -1 -1 -1 -1 -1 -1 -1 -1 -1 -1 -1 -1 -1 -1 -1 -1 -1 -1 -1 -1 -1 0 0 0.00322 0 0 0 0 0 0 0 0 0 0 0 0 0
-1 -1 -1 -1 -1 -1 -1 -1 -1 -1 -1 -1 -1 -1 -1 -1 -1 -1 -1 -1 -1 -1 -1 -1 -1 -1 -1 -1 0 0 0 0 0.00407 0 0 0.00407 0 0 0 0 0 0 0 0
-1 -1 -1 -1 -1 -1 -1 -1 -1 -1 -1 -1 -1 -1 -1 -1 -1 -1 -1 -1 -1 -1 -1 -1 -1 -1 -1 -1 0 0 0 0 0 0 0 0 0 0 0 0 0 0 0 0
-1 -1 -1 -1 -1 -1 -1 -1 -1 -1 -1 -1 -1 -1 -1 -1 -1 -1 -1 -1 -1 -1 -1 -1 -1 -1 -1 -1 0 0 0 0 0 0 0 0 0 0 0 0 0 0 0 0
-1 -1 -1 -1 -1 -1 -1 -1 -1 -1 -1 -1 -1 -1 -1 -1 -1 -1 -1 -1 -1 -1 -1 -1 -1 -1 -1 -1 0 0 0 0 0 0 0 0 0 0 0 0 0 0 0 0
-1 -1 -1 -1 -1 -1 -1 -1 -1 -1 -1 -1 -1 -1 -1 -1 -1 -1 -1 -1 -1 -1 -1 -1 -1 -1 -1 -1 0 0 0 0 0 0 0 0 0 0 0 0 0 0 0 0
-1 -1 -1 -1 -1 -1 -1 -1 -1 -1 -1 -1 -1 -1 -1 -1 -1 -1 -1 -1 -1 -1 -1 -1 -1 -1 -1 -1 0 0 0 0 0 0 0 0 0 0 0 0 0 0 0 0
-1 -1 -1 -1 -1 -1 -1 -1 -1 -1 -1 -1 -1 -1 -1 -1 -1 -1 -1 -1 -1 -1 -1 -1 -1 -1 -1 -1 0 0 0 0 0 0 0 0 0 0 0 0 0 0 0 0
-1 -1 -1 -1 -1 -1 -1 -1 -1 -1 -1 -1 -1 -1 -1 -1 -1 -1 -1 -1 -1 -1 -1 -1 -1 -1 -1 -1 0 0 0 0 0 0 0 0 0 0 0 0 0 0 0 0
-1 -1 -1 -1 -1 -1 -1 -1 -1 -1 -1 -1 -1 -1 -1 -1 -1 -1 -1 -1 -1 -1 -1 -1 -1 -1 -1 -1 0 0 0 0 0 0 0 0 0 0 0 0 0 0 0 0
-1 -1 -1 -1 -1 -1 -1 -1 -1 -1 -1 -1 -1 -1 -1 -1 -1 -1 -1 -1 -1 -1 -1 -1 -1 -1 -1 -1 0 0 0 0 0 0 0 0 0 0 0 0 0 0 0 0
-1 -1 -1 -1 -1 -1 -1 -1 -1 -1 -1 -1 -1 -1 -1 -1 -1 -1 -1 -1 -1 -1 -1 -1 -1 -1 -1 -1 0 0 0 0 0 0 0 0 0 0 0 0 0 0 0 0

# LL_NAFO3_Obs_m
-1 -1 -1 -1 -1 -1 -1 -1 -1 -1 -1 -1 -1 -1 -1 -1 -1 -1 0 0 0 0 0 0 0 0 0.01313 0 0 0 0 0 0 0 0 0 0 0 0 0 0 0 0 0
-1 -1 -1 -1 -1 -1 -1 -1 -1 -1 -1 -1 -1 -1 -1 -1 -1 -1 0 0 0 0 0 0 0 0 0 0 0 0 0 0 0 0 0 0 0 0 0 0 0 0 0 0
-1 -1 -1 -1 -1 -1 -1 -1 -1 -1 -1 -1 -1 -1 -1 -1 -1 -1 0 0 0 0 0 0 0 0 0 0 0 0 0 0 0 0 0 0 0 0 0 0 0 0 0 0
-1 -1 -1 -1 -1 -1 -1 -1 -1 -1 -1 -1 -1 -1 -1 -1 -1 -1 0 0 0 0 0 0 0 0 0 0 0 0 0 0 0 0 0 0 0 0 0 0 0 0 0 0
-1 -1 -1 -1 -1 -1 -1 -1 -1 -1 -1 -1 -1 -1 -1 -1 -1 -1 0 0 0 0 0 0 0 0 0 0 0 0 0 0 0 0 0 0 0 0 0 0 0 0 0 0
-1 -1 -1 -1 -1 -1 -1 -1 -1 -1 -1 -1 -1 -1 -1 -1 -1 -1 0 0 0 0 0 0 0 0 0 0 0 0 0 0 0 0 0 0 0 0 0 0 0 0 0 0
-1 -1 -1 -1 -1 -1 -1 -1 -1 -1 -1 -1 -1 -1 -1 -1 -1 -1 0 0 0 0 0 0 0 0 0 0 0.01235 0 0 0 0 0 0 0 0 0 0 0 0 0 0 0
-1 -1 -1 -1 -1 -1 -1 -1 -1 -1 -1 -1 -1 -1 -1 -1 -1 -1 0 0 0 0 0 0 0 0 0 0 0 0 0 0 0 0 0 0 0 0 0 0 0 0 0 0
-1 -1 -1 -1 -1 -1 -1 -1 -1 -1 -1 -1 -1 -1 -1 -1 -1 -1 0 0 0 0 0 0 0 0 0 0 0 0 0 0 0 0 0 0 0 0 0 0 0 0 0 0
-1 -1 -1 -1 -1 -1 -1 -1 -1 -1 -1 -1 -1 -1 -1 -1 -1 -1 0.00257 0 0 0 0 0.03793 0 0 0 0 0 0 0 0 0 0 0 0 0 0 0 0 0 0 0 0
-1 -1 -1 -1 -1 -1 -1 -1 -1 -1 -1 -1 -1 -1 -1 -1 -1 -1 0.00257 0 0 0 0 0 0 0.00245 0 0 0 0 0 0 0 0 0 0 0 0 0 0 0 0 0 0
-1 -1 -1 -1 -1 -1 -1 -1 -1 -1 -1 -1 -1 -1 -1 -1 -1 -1 0 0 0 0 0 0.03793 0 0 0 0 0 0 0 0 0 0 0 0 0 0 0 0 0 0 0 0
-1 -1 -1 -1 -1 -1 -1 -1 -1 -1 -1 -1 -1 -1 -1 -1 -1 -1 0.00446 0 0 0 0 0 0 0.00255 0 0.00147 0 0 0 0 0 0 0 0 0 0 0.00186 0 0 0.00046 0 0
-1 -1 -1 -1 -1 -1 -1 -1 -1 -1 -1 -1 -1 -1 -1 -1 -1 -1 0.02659 0.00235 0.01714 0.02946 0.02446 0.10162 0 0.02017 0.02962 0.02478 0.01473 0.02376 0.02535 0.01506 0.01885 0.03028 0.02966 0.01548 0.0152 0.01517 0.0285 0.03394 0.01934 0.0235 0.01147 0.00392
-1 -1 -1 -1 -1 -1 -1 -1 -1 -1 -1 -1 -1 -1 -1 -1 -1 -1 0.0361 0.00968 0.12194 0.12109 0.14947 0.12831 0.13704 0.23105 0.16838 0.15652 0.21542 0.1565 0.14586 0.12487 0.16427 0.17943 0.14967 0.12666 0.1112 0.09134 0.1567 0.21452 0.18161 0.13354 0.12772 0.07643
-1 -1 -1 -1 -1 -1 -1 -1 -1 -1 -1 -1 -1 -1 -1 -1 -1 -1 0.08479 0.06015 0.09637 0.15199 0.16133 0.08827 0.18522 0.22961 0.22867 0.17626 0.22944 0.13892 0.14371 0.1499 0.13934 0.17694 0.15205 0.17487 0.19786 0.12307 0.1586 0.19373 0.19629 0.19875 0.15266 0.12813
-1 -1 -1 -1 -1 -1 -1 -1 -1 -1 -1 -1 -1 -1 -1 -1 -1 -1 0.08336 0.07525 0.1495 0.13218 0.1452 0.02622 0.16435 0.15479 0.21903 0.17968 0.18913 0.16485 0.12618 0.13661 0.13093 0.15731 0.15224 0.1772 0.20053 0.12982 0.15164 0.14211 0.19821 0.19698 0.17295 0.15236
-1 -1 -1 -1 -1 -1 -1 -1 -1 -1 -1 -1 -1 -1 -1 -1 -1 -1 0.19443 0.08582 0.14807 0.14867 0.08603 0.12456 0.09965 0.12714 0.11175 0.13202 0.1576 0.16524 0.12728 0.15478 0.10581 0.13908 0.11808 0.1518 0.15972 0.12274 0.11778 0.10588 0.14996 0.13887 0.15602 0.16858
-1 -1 -1 -1 -1 -1 -1 -1 -1 -1 -1 -1 -1 -1 -1 -1 -1 -1 0.17475 0.09475 0.12654 0.12392 0.08281 0.07024 0.08974 0.0765 0.08561 0.09114 0.06261 0.12569 0.10505 0.09548 0.09711 0.08146 0.0885 0.09753 0.10799 0.10163 0.09705 0.07222 0.06824 0.08381 0.10552 0.16488
-1 -1 -1 -1 -1 -1 -1 -1 -1 -1 -1 -1 -1 -1 -1 -1 -1 -1 0.14123 0.10482 0.10084 0.08865 0.06698 0.02341 0.11583 0.07146 0.05535 0.0641 0.04857 0.08473 0.08106 0.07847 0.08706 0.07209 0.08792 0.06099 0.08362 0.10492 0.07804 0.05931 0.06987 0.06118 0.08417 0.10935
-1 -1 -1 -1 -1 -1 -1 -1 -1 -1 -1 -1 -1 -1 -1 -1 -1 -1 0.088 0.13963 0.08577 0.08179 0.03955 0.09365 0.09774 0.02932 0.03508 0.04642 0.0234 0.06047 0.05461 0.06023 0.06984 0.04771 0.07254 0.05484 0.05153 0.08145 0.06655 0.04512 0.0348 0.04913 0.05987 0.07645
-1 -1 -1 -1 -1 -1 -1 -1 -1 -1 -1 -1 -1 -1 -1 -1 -1 -1 0.04535 0.0915 0.04699 0.03662 0.05671 0.11941 0.01739 0.02704 0.02962 0.03589 0.0127 0.03482 0.0466 0.05472 0.03969 0.03708 0.04692 0.05097 0.03198 0.06412 0.04587 0.04547 0.03018 0.0367 0.04041 0.04918
-1 -1 -1 -1 -1 -1 -1 -1 -1 -1 -1 -1 -1 -1 -1 -1 -1 -1 0.02011 0.06668 0.04246 0.01676 0.04092 0.02341 0.03478 0.00754 0.02376 0.03484 0.00722 0.02272 0.03517 0.04748 0.05496 0.03815 0.02329 0.02747 0.01654 0.04628 0.04047 0.03095 0.01709 0.0239 0.03198 0.02673
-1 -1 -1 -1 -1 -1 -1 -1 -1 -1 -1 -1 -1 -1 -1 -1 -1 -1 0.03324 0.06454 0.01939 0.00778 0.03338 0.02341 0 0.00277 0 0.01368 0.00649 0.01232 0.02818 0.03184 0.02962 0.01872 0.02053 0.02621 0.00842 0.04011 0.02569 0.02348 0.01362 0.02168 0.02115 0.01881
-1 -1 -1 -1 -1 -1 -1 -1 -1 -1 -1 -1 -1 -1 -1 -1 -1 -1 0.00255 0.0633 0.01455 0.01749 0.02172 0.02341 0.03878 0.00245 0 0.00861 0.00389 0.00445 0.02224 0.02421 0.01779 0.00636 0.02036 0.01422 0.0051 0.03109 0.01602 0.01631 0.00699 0.01253 0.01285 0.00787
-1 -1 -1 -1 -1 -1 -1 -1 -1 -1 -1 -1 -1 -1 -1 -1 -1 -1 0.01111 0.06905 0.01004 0.00465 0.02159 0.02622 0.01948 0.00783 0 0.00174 0.00864 0.00111 0.02286 0.01345 0.01481 0.00558 0.01817 0.00901 0.00166 0.02066 0.00784 0.00698 0.00617 0.00975 0.0075 0.00733
-1 -1 -1 -1 -1 -1 -1 -1 -1 -1 -1 -1 -1 -1 -1 -1 -1 -1 0.01667 0.03857 0.00723 0.0104 0.03136 0.02576 0 0.00245 0 0.0057 0.00262 0.00332 0.01457 0.00537 0.00817 0.00287 0.00402 0.00253 0.00166 0.00807 0.00358 0.00624 0.00253 0.00348 0.00918 0.00433
-1 -1 -1 -1 -1 -1 -1 -1 -1 -1 -1 -1 -1 -1 -1 -1 -1 -1 0.0104 0.02288 0.00674 0 0.01548 0.02622 0 0.00245 0 0.00143 0.0013 0 0.0105 0.00443 0.00569 0.00208 0.01004 0.00644 0.00367 0.00637 0.00111 0.00113 0.00303 0.00395 0.00227 0.00392
-1 -1 -1 -1 -1 -1 -1 -1 -1 -1 -1 -1 -1 -1 -1 -1 -1 -1 0.01147 0.01104 0.00644 0.01685 0.01136 0 0 0 0 0.00576 0.0013 0 0.00409 0.00062 0.00532 0.00277 0 0.00126 0 0.00649 0.00109 0.00156 0.00051 0.00045 0.00264 0.00042
-1 -1 -1 -1 -1 -1 -1 -1 -1 -1 -1 -1 -1 -1 -1 -1 -1 -1 0.00265 0 0 0.00175 0.00612 0 0 0 0 0.00713 0 0.00111 0.00102 0 0.00267 0.00139 0.00201 0 0.00166 0.0035 0.00108 0.00051 0.00053 0.00088 0.00098 0.00086
-1 -1 -1 -1 -1 -1 -1 -1 -1 -1 -1 -1 -1 -1 -1 -1 -1 -1 0.00757 0 0 0.00994 0.00404 0 0 0 0 0.00428 0.0013 0 0.00102 0.00246 0.00167 0 0.00201 0.00253 0.00166 0.00142 0 0.00054 0 0 0 0
-1 -1 -1 -1 -1 -1 -1 -1 -1 -1 -1 -1 -1 -1 -1 -1 -1 -1 0 0 0 0 0.0015 0 0 0.00245 0 0.00285 0.0013 0 0.00102 0 8e-04 0.00069 0.001 0 0 0.00137 0 0 0.00103 0.00045 0 0.00043
-1 -1 -1 -1 -1 -1 -1 -1 -1 -1 -1 -1 -1 -1 -1 -1 -1 -1 0 0 0 0 0 0 0 0 0 0.00285 0 0 0 0 0 0 0 0 0 0 0 0 0 0 0 0
-1 -1 -1 -1 -1 -1 -1 -1 -1 -1 -1 -1 -1 -1 -1 -1 -1 -1 0 0 0 0 0 0 0 0 0 0 0 0 0 0 0.00093 0 0 0 0 0 0.00053 0 0 0 0.00067 0
-1 -1 -1 -1 -1 -1 -1 -1 -1 -1 -1 -1 -1 -1 -1 -1 -1 -1 0 0 0 0 0 0 0 0 0 0 0 0 0.00102 0 0.00093 0 0.001 0 0 0.00038 0 0 0 0 0 0
-1 -1 -1 -1 -1 -1 -1 -1 -1 -1 -1 -1 -1 -1 -1 -1 -1 -1 0 0 0 0 0 0 0 0 0 0.00285 0 0 0 0 0.00093 0 0 0 0 0 0 0 0 0 0 0
-1 -1 -1 -1 -1 -1 -1 -1 -1 -1 -1 -1 -1 -1 -1 -1 -1 -1 0 0 0 0 0 0 0 0 0 0 0 0 0 0 0.00186 0 0 0 0 0 0 0 0 0 0 0
-1 -1 -1 -1 -1 -1 -1 -1 -1 -1 -1 -1 -1 -1 -1 -1 -1 -1 0 0 0 0 0 0 0 0 0 0 0 0 0.00262 0 0 0 0 0 0 0 0 0 0 0 0 0
-1 -1 -1 -1 -1 -1 -1 -1 -1 -1 -1 -1 -1 -1 -1 -1 -1 -1 0 0 0 0 0 0 0 0 0 0 0 0 0 0 0.00093 0 0 0 0 0 0 0 0 0 0 0
-1 -1 -1 -1 -1 -1 -1 -1 -1 -1 -1 -1 -1 -1 -1 -1 -1 -1 0 0 0 0 0 0 0 0 0 0 0 0 0 0 0 0 0 0 0 0 0 0 0 0 0 0
-1 -1 -1 -1 -1 -1 -1 -1 -1 -1 -1 -1 -1 -1 -1 -1 -1 -1 0 0 0 0 0 0 0 0 0 0 0 0 0 0 0 0 0 0 0 0 0 0 0 0 0 0
-1 -1 -1 -1 -1 -1 -1 -1 -1 -1 -1 -1 -1 -1 -1 -1 -1 -1 0 0 0 0 0 0 0 0 0 0 0 0 0 0 0 0 0 0 0 0 0 0 0 0 0 0
-1 -1 -1 -1 -1 -1 -1 -1 -1 -1 -1 -1 -1 -1 -1 -1 -1 -1 0 0 0 0 0 0 0 0 0 0 0 0 0 0 0 0 0 0 0 0 0 0 0 0 0 0
-1 -1 -1 -1 -1 -1 -1 -1 -1 -1 -1 -1 -1 -1 -1 -1 -1 -1 0 0 0 0 0 0 0 0 0 0 0 0 0 0 0 0 0 0 0 0 0 0 0 0 0 0
-1 -1 -1 -1 -1 -1 -1 -1 -1 -1 -1 -1 -1 -1 -1 -1 -1 -1 0 0 0 0 0 0 0 0 0 0 0 0 0 0 0 0 0 0 0 0 0 0 0 0 0 0
-1 -1 -1 -1 -1 -1 -1 -1 -1 -1 -1 -1 -1 -1 -1 -1 -1 -1 0 0 0 0 0 0 0 0 0 0 0 0 0 0 0 0 0 0 0 0 0 0 0 0 0 0
-1 -1 -1 -1 -1 -1 -1 -1 -1 -1 -1 -1 -1 -1 -1 -1 -1 -1 0 0 0 0 0 0 0 0 0 0 0 0 0 0 0 0 0 0 0 0 0 0 0 0 0 0
-1 -1 -1 -1 -1 -1 -1 -1 -1 -1 -1 -1 -1 -1 -1 -1 -1 -1 0 0 0 0 0 0 0 0 0 0 0 0 0 0 0 0 0 0 0 0 0 0 0 0 0 0
-1 -1 -1 -1 -1 -1 -1 -1 -1 -1 -1 -1 -1 -1 -1 -1 -1 -1 0 0 0 0 0 0 0 0 0 0 0 0 0 0 0 0 0 0 0 0 0 0 0 0 0 0
-1 -1 -1 -1 -1 -1 -1 -1 -1 -1 -1 -1 -1 -1 -1 -1 -1 -1 0 0 0 0 0 0 0 0 0 0 0 0 0 0 0 0 0 0 0 0 0 0 0 0 0 0
-1 -1 -1 -1 -1 -1 -1 -1 -1 -1 -1 -1 -1 -1 -1 -1 -1 -1 0 0 0 0 0 0 0 0 0 0 0 0 0 0 0 0 0 0 0 0 0 0 0 0 0 0
-1 -1 -1 -1 -1 -1 -1 -1 -1 -1 -1 -1 -1 -1 -1 -1 -1 -1 0 0 0 0 0 0 0 0 0 0 0 0 0 0 0 0 0 0 0 0 0 0 0 0 0 0
-1 -1 -1 -1 -1 -1 -1 -1 -1 -1 -1 -1 -1 -1 -1 -1 -1 -1 0 0 0 0 0 0 0 0 0 0 0 0 0 0 0 0 0 0 0 0 0 0 0 0 0 0
-1 -1 -1 -1 -1 -1 -1 -1 -1 -1 -1 -1 -1 -1 -1 -1 -1 -1 0 0 0 0 0 0 0 0 0 0 0 0 0 0 0 0 0 0 0 0 0 0 0 0 0 0

# LL_NAFO4_Obs_m
-1 -1 -1 -1 -1 -1 -1 -1 -1 -1 -1 -1 -1 -1 -1 -1 -1 -1 0 -1 -1 0 0 0 0 0 0 0 0 0 0 0 0 0 0 0 0 0 0 0 0 0 0 0
-1 -1 -1 -1 -1 -1 -1 -1 -1 -1 -1 -1 -1 -1 -1 -1 -1 -1 0 -1 -1 0 0 0 0 0 0 0 0 0 0 0 0 0 0 0 0 0 0 0 0 0 0 0
-1 -1 -1 -1 -1 -1 -1 -1 -1 -1 -1 -1 -1 -1 -1 -1 -1 -1 0 -1 -1 0 0 0 0 0 0 0 0 0 0 0 0 0 0 0 0 0 0 0 0 0 0 0
-1 -1 -1 -1 -1 -1 -1 -1 -1 -1 -1 -1 -1 -1 -1 -1 -1 -1 0 -1 -1 0 0 0 0 0 0 0 0 0 0 0 0 0 0 0 0 0 0 0 0 0 0 0
-1 -1 -1 -1 -1 -1 -1 -1 -1 -1 -1 -1 -1 -1 -1 -1 -1 -1 0 -1 -1 0 0 0 0 0 0 0 0 0 0 0 0 0 0 0 0 0 0 0 0 0 0 0
-1 -1 -1 -1 -1 -1 -1 -1 -1 -1 -1 -1 -1 -1 -1 -1 -1 -1 0 -1 -1 0 0 0 0 0 0 0 0 0 0 0 0 0 0 0 0 0 0 0 0 0 0 0
-1 -1 -1 -1 -1 -1 -1 -1 -1 -1 -1 -1 -1 -1 -1 -1 -1 -1 0 -1 -1 0 0 0 0 0 0 0 0 0.00062 0 0 0 0 0 0 0 0 0 0 0 0 0 0
-1 -1 -1 -1 -1 -1 -1 -1 -1 -1 -1 -1 -1 -1 -1 -1 -1 -1 0 -1 -1 0 0 0 0 0 0 0 0 0 0 0 0 0 0 0 0 0 0 0 0 0 0 0
-1 -1 -1 -1 -1 -1 -1 -1 -1 -1 -1 -1 -1 -1 -1 -1 -1 -1 0 -1 -1 0 0 0 0 0 0 0 0 0 0 0 0 0 0 0 0 0 0 0 0 0 0 0
-1 -1 -1 -1 -1 -1 -1 -1 -1 -1 -1 -1 -1 -1 -1 -1 -1 -1 0 -1 -1 0 0 0 0 0 0 0 0.00026 0 0 0 0 0 0 0 0 0 0 0 0 0 0 0
-1 -1 -1 -1 -1 -1 -1 -1 -1 -1 -1 -1 -1 -1 -1 -1 -1 -1 0.08257 -1 -1 0 0 0 0 0 0 0 0 0 0 0 0 0 0 0 0 0 0 0.00198 0.00073 0 0.00076 0
-1 -1 -1 -1 -1 -1 -1 -1 -1 -1 -1 -1 -1 -1 -1 -1 -1 -1 0.08257 -1 -1 0 0 0 0 0.01317 0 0 0 0 0.00054 9e-04 0 0 0 0 0 0 0 0.00968 0.00065 0.00059 0 0
-1 -1 -1 -1 -1 -1 -1 -1 -1 -1 -1 -1 -1 -1 -1 -1 -1 -1 0.01944 -1 -1 0 0 0.03704 0 0 0.00385 0 0.00051 0 0.00207 0.0054 0 0 0 0 0 0 0.00086 0.03245 0 0.00414 0.00153 0
-1 -1 -1 -1 -1 -1 -1 -1 -1 -1 -1 -1 -1 -1 -1 -1 -1 -1 0.1316 -1 -1 0 0 0.07407 0 0.02439 0.07608 0.0523 0.05786 0.05484 0.03251 0.06811 0.0487 0.05504 0 0.03253 0.02823 0.03065 0.02577 0.07675 0.04623 0.05623 0.04483 0.02982
-1 -1 -1 -1 -1 -1 -1 -1 -1 -1 -1 -1 -1 -1 -1 -1 -1 -1 0.01927 -1 -1 0.20471 0.20585 0.07407 0.68254 0.28199 0.41145 0.33294 0.30492 0.22061 0.16155 0.19223 0.23142 0.20184 0.16478 0.1869 0.17847 0.22032 0.14423 0.26166 0.32241 0.27171 0.31224 0.2277
-1 -1 -1 -1 -1 -1 -1 -1 -1 -1 -1 -1 -1 -1 -1 -1 -1 -1 0.10907 -1 -1 0 0.15994 0.11111 0 0.19015 0.22446 0.29008 0.24281 0.25103 0.16497 0.19316 0.19199 0.18189 0.20741 0.19217 0.18306 0.22496 0.12895 0.21341 0.22365 0.20666 0.24654 0.20991
-1 -1 -1 -1 -1 -1 -1 -1 -1 -1 -1 -1 -1 -1 -1 -1 -1 -1 0.17753 -1 -1 0 0.18853 0.18519 0 0.08721 0.1251 0.16882 0.14925 0.18591 0.16946 0.14388 0.1489 0.15254 0.16945 0.1537 0.13674 0.14095 0.13684 0.14038 0.14271 0.16905 0.13833 0.18517
-1 -1 -1 -1 -1 -1 -1 -1 -1 -1 -1 -1 -1 -1 -1 -1 -1 -1 0.21624 -1 -1 0 0.12511 0 0.31746 0.21783 0.06885 0.08856 0.10254 0.14142 0.15138 0.12955 0.113 0.1304 0.1503 0.13871 0.14817 0.10134 0.14411 0.10973 0.10729 0.09978 0.123 0.12809
-1 -1 -1 -1 -1 -1 -1 -1 -1 -1 -1 -1 -1 -1 -1 -1 -1 -1 0.08791 -1 -1 0.79529 0.1115 0.07407 0 0.07538 0.03158 0.03287 0.04923 0.05878 0.10376 0.07992 0.06842 0.08762 0.1039 0.11697 0.12839 0.06144 0.10103 0.0427 0.04779 0.05538 0.04782 0.07948
-1 -1 -1 -1 -1 -1 -1 -1 -1 -1 -1 -1 -1 -1 -1 -1 -1 -1 0.01927 -1 -1 0 0.14441 0.18519 0 0.0383 0.01746 0.01487 0.0288 0.03185 0.06974 0.07036 0.05945 0.06957 0.07239 0.05629 0.08287 0.05508 0.08508 0.03611 0.0422 0.04864 0.02667 0.05794
-1 -1 -1 -1 -1 -1 -1 -1 -1 -1 -1 -1 -1 -1 -1 -1 -1 -1 0.01927 -1 -1 0 0.03112 0.14815 0 0.02537 0.01272 0.00732 0.02361 0.01695 0.04247 0.04707 0.05009 0.05326 0.04867 0.06562 0.03765 0.04005 0.07093 0.03073 0.03253 0.02979 0.02181 0.03134
-1 -1 -1 -1 -1 -1 -1 -1 -1 -1 -1 -1 -1 -1 -1 -1 -1 -1 0 -1 -1 0 0.00668 0 0 0.0122 0.00991 0.00488 0.01558 0.0127 0.04 0.02692 0.03249 0.02252 0.02746 0.02797 0.02923 0.03804 0.0505 0.01837 0.01117 0.01985 0.02003 0.01634
-1 -1 -1 -1 -1 -1 -1 -1 -1 -1 -1 -1 -1 -1 -1 -1 -1 -1 0.03527 -1 -1 0 0.00619 0.07407 0 0 0.00835 0.00163 0.00899 0.00744 0.0199 0.01261 0.02357 0.01732 0.02508 0.01113 0.01261 0.0407 0.03455 0.01266 0.0092 0.01398 0.00632 0.01726
-1 -1 -1 -1 -1 -1 -1 -1 -1 -1 -1 -1 -1 -1 -1 -1 -1 -1 0 -1 -1 0 0 0 0 0.0139 0.0056 0.00244 0.0047 0.00644 0.01168 0.01027 0.01307 0.00898 0.00349 0.01124 0.01258 0.01397 0.02028 0.00506 0.00574 0.01076 0.00394 0.00968
-1 -1 -1 -1 -1 -1 -1 -1 -1 -1 -1 -1 -1 -1 -1 -1 -1 -1 0 -1 -1 0 0 0 0 0.02012 0.00099 0.00085 0.00482 0.00259 0.01113 0.00762 0.00573 0.00654 0.00349 0.00436 0.00617 0.01745 0.02113 0.00436 0.00269 0.00594 0.00309 0.00242
-1 -1 -1 -1 -1 -1 -1 -1 -1 -1 -1 -1 -1 -1 -1 -1 -1 -1 0 -1 -1 0 0.00619 0 0 0 0.00198 0.00081 0.00247 0.00384 0.00671 9e-04 0.00414 0.00563 0.01197 0 0.00662 0.00984 0.01803 0.00241 0.00199 0.00325 0.00076 0.00398
-1 -1 -1 -1 -1 -1 -1 -1 -1 -1 -1 -1 -1 -1 -1 -1 -1 -1 0 -1 -1 0 0 0.03704 0 0 0.00055 0 0.00077 0.00062 0.00614 0.00462 0.0024 0.00381 0.00387 0.00242 0.00617 0.00524 0.00737 0.00041 0.00151 0.0018 0.00154 0.00085
-1 -1 -1 -1 -1 -1 -1 -1 -1 -1 -1 -1 -1 -1 -1 -1 -1 -1 0 -1 -1 0 0.00829 0 0 0 0 0.00081 0.00081 0.00315 0.00217 0.00281 0.00426 0.00186 0.00775 0 0 0 0.00483 4e-04 0.00101 0.00065 0 0
-1 -1 -1 -1 -1 -1 -1 -1 -1 -1 -1 -1 -1 -1 -1 -1 -1 -1 0 -1 -1 0 0.00619 0 0 0 0 0.00081 0 0.00062 0.00163 0.00185 0.00158 0 0 0 0.00304 0 0.00238 0.00039 0 0.00059 0.00079 0
-1 -1 -1 -1 -1 -1 -1 -1 -1 -1 -1 -1 -1 -1 -1 -1 -1 -1 0 -1 -1 0 0 0 0 0 0.00106 0 0 0 0.00163 9e-04 0.00079 0.00059 0 0 0 0 0.00079 0 0 0 0 0
-1 -1 -1 -1 -1 -1 -1 -1 -1 -1 -1 -1 -1 -1 -1 -1 -1 -1 0 -1 -1 0 0 0 0 0 0 0 0.00077 0.00062 0 0 0 0 0 0 0 0 0.00075 0.00037 0 0.00062 0 0
-1 -1 -1 -1 -1 -1 -1 -1 -1 -1 -1 -1 -1 -1 -1 -1 -1 -1 0 -1 -1 0 0 0 0 0 0 0 0.00053 0 0.00054 0.00091 0 0 0 0 0 0 0.00081 0 0 0 0 0
-1 -1 -1 -1 -1 -1 -1 -1 -1 -1 -1 -1 -1 -1 -1 -1 -1 -1 0 -1 -1 0 0 0 0 0 0 0 0 0 0 0 0 0 0 0 0 0 0 0 0 0.00059 0 0
-1 -1 -1 -1 -1 -1 -1 -1 -1 -1 -1 -1 -1 -1 -1 -1 -1 -1 0 -1 -1 0 0 0 0 0 0 0 0 0 0 0 0 0 0 0 0 0 0 0 0 0 0 0
-1 -1 -1 -1 -1 -1 -1 -1 -1 -1 -1 -1 -1 -1 -1 -1 -1 -1 0 -1 -1 0 0 0 0 0 0 0 0 0 0 0 0 0.00059 0 0 0 0 0 0 0.00049 0 0 0
-1 -1 -1 -1 -1 -1 -1 -1 -1 -1 -1 -1 -1 -1 -1 -1 -1 -1 0 -1 -1 0 0 0 0 0 0 0 0.00026 0 0 0 0 0 0 0 0 0 0.00077 0 0 0 0 0
-1 -1 -1 -1 -1 -1 -1 -1 -1 -1 -1 -1 -1 -1 -1 -1 -1 -1 0 -1 -1 0 0 0 0 0 0 0 0 0 0 0 0 0 0 0 0 0 0 0 0 0 0 0
-1 -1 -1 -1 -1 -1 -1 -1 -1 -1 -1 -1 -1 -1 -1 -1 -1 -1 0 -1 -1 0 0 0 0 0 0 0 0 0 0 0 0 0 0 0 0 0 0 0 0 0 0 0
-1 -1 -1 -1 -1 -1 -1 -1 -1 -1 -1 -1 -1 -1 -1 -1 -1 -1 0 -1 -1 0 0 0 0 0 0 0 0 0 0 0 0 0 0 0 0 0 0 0 0 0 0 0
-1 -1 -1 -1 -1 -1 -1 -1 -1 -1 -1 -1 -1 -1 -1 -1 -1 -1 0 -1 -1 0 0 0 0 0 0 0 0 0 0 0 0 0 0 0 0 0 0 0 0 0 0 0
-1 -1 -1 -1 -1 -1 -1 -1 -1 -1 -1 -1 -1 -1 -1 -1 -1 -1 0 -1 -1 0 0 0 0 0 0 0 0 0 0 0 0 0 0 0 0 0 0 0 0 0 0 0
-1 -1 -1 -1 -1 -1 -1 -1 -1 -1 -1 -1 -1 -1 -1 -1 -1 -1 0 -1 -1 0 0 0 0 0 0 0 0 0 0 0 0 0 0 0 0 0 0 0 0 0 0 0
-1 -1 -1 -1 -1 -1 -1 -1 -1 -1 -1 -1 -1 -1 -1 -1 -1 -1 0 -1 -1 0 0 0 0 0 0 0 0 0 0 0 0 0 0 0 0 0 0 0 0 0 0 0
-1 -1 -1 -1 -1 -1 -1 -1 -1 -1 -1 -1 -1 -1 -1 -1 -1 -1 0 -1 -1 0 0 0 0 0 0 0 0 0 0 0 0 0 0 0 0 0 0 0 0 0 0 0
-1 -1 -1 -1 -1 -1 -1 -1 -1 -1 -1 -1 -1 -1 -1 -1 -1 -1 0 -1 -1 0 0 0 0 0 0 0 0 0 0 0 0 0 0 0 0 0 0 0 0 0 0 0
-1 -1 -1 -1 -1 -1 -1 -1 -1 -1 -1 -1 -1 -1 -1 -1 -1 -1 0 -1 -1 0 0 0 0 0 0 0 0 0 0 0 0 0 0 0 0 0 0 0 0 0 0 0
-1 -1 -1 -1 -1 -1 -1 -1 -1 -1 -1 -1 -1 -1 -1 -1 -1 -1 0 -1 -1 0 0 0 0 0 0 0 0 0 0 0 0 0 0 0 0 0 0 0 0 0 0 0
-1 -1 -1 -1 -1 -1 -1 -1 -1 -1 -1 -1 -1 -1 -1 -1 -1 -1 0 -1 -1 0 0 0 0 0 0 0 0 0 0 0 0 0 0 0 0 0 0 0 0 0 0 0
-1 -1 -1 -1 -1 -1 -1 -1 -1 -1 -1 -1 -1 -1 -1 -1 -1 -1 0 -1 -1 0 0 0 0 0 0 0 0.00051 0 0 0 0 0 0 0 0 0 0 0 0 0 0 0
-1 -1 -1 -1 -1 -1 -1 -1 -1 -1 -1 -1 -1 -1 -1 -1 -1 -1 0 -1 -1 0 0 0 0 0 0 0 0 0 0 0 0 0 0 0 0 0 0 0 0 0 0 0
-1 -1 -1 -1 -1 -1 -1 -1 -1 -1 -1 -1 -1 -1 -1 -1 -1 -1 0 -1 -1 0 0 0 0 0 0 0 0 0 0 0 0 0 0 0 0 0 0 0 0 0 0 0
-1 -1 -1 -1 -1 -1 -1 -1 -1 -1 -1 -1 -1 -1 -1 -1 -1 -1 0 -1 -1 0 0 0 0 0 0 0 0 0 0 0 0 0 0 0 0 0 0 0 0 0 0 0
-1 -1 -1 -1 -1 -1 -1 -1 -1 -1 -1 -1 -1 -1 -1 -1 -1 -1 0 -1 -1 0 0 0 0 0 0 0 0 0 0 0 0 0 0 0 0 0 0 0 0 0 0 0
-1 -1 -1 -1 -1 -1 -1 -1 -1 -1 -1 -1 -1 -1 -1 -1 -1 -1 0 -1 -1 0 0 0 0 0 0 0 0 0 0 0 0 0 0 0 0 0 0 0 0 0 0 0

# OT_NAFO3_Obs_m
-1	-1	-1	-1	-1	-1	-1	-1	-1	-1	-1	-1	-1	-1	-1	-1	-1	0	0	0	0	0	0	0	0	-1	-1	-1	-1	-1	-1	-1	-1	-1	0	-1	-1	-1	-1	-1	0	-1	-1	-1-1	-1	-1	-1	-1	-1	-1	-1	-1	-1	-1	-1	-1	-1	-1	-1	-1	0	0	0	0	0	0	0	0	-1	-1	-1	-1	-1	-1	-1	-1	-1	0	-1	-1	-1	-1	-1	0	-1	-1	-1-1	-1	-1	-1	-1	-1	-1	-1	-1	-1	-1	-1	-1	-1	-1	-1	-1	0	0	0	0	0	0	0	0	-1	-1	-1	-1	-1	-1	-1	-1	-1	0	-1	-1	-1	-1	-1	0	-1	-1	-1-1	-1	-1	-1	-1	-1	-1	-1	-1	-1	-1	-1	-1	-1	-1	-1	-1	0	0	0	0	0.00809	0	0	0	-1	-1	-1	-1	-1	-1	-1	-1	-1	0	-1	-1	-1	-1	-1	0	-1	-1	-1-1	-1	-1	-1	-1	-1	-1	-1	-1	-1	-1	-1	-1	-1	-1	-1	-1	0	0.24144	0	0	0	0	0	0	-1	-1	-1	-1	-1	-1	-1	-1	-1	0	-1	-1	-1	-1	-1	0	-1	-1	-1-1	-1	-1	-1	-1	-1	-1	-1	-1	-1	-1	-1	-1	-1	-1	-1	-1	0.09685	0.02361	0.01259	0.00764	0.03236	0	0	0	-1	-1	-1	-1	-1	-1	-1	-1	-1	0	-1	-1	-1	-1	-1	0	-1	-1	-1-1	-1	-1	-1	-1	-1	-1	-1	-1	-1	-1	-1	-1	-1	-1	-1	-1	0.05089	0.04249	0.02517	0.01892	0.03236	0.03049	0.03057	0	-1	-1	-1	-1	-1	-1	-1	-1	-1	0	-1	-1	-1	-1	-1	0	-1	-1	-1-1	-1	-1	-1	-1	-1	-1	-1	-1	-1	-1	-1	-1	-1	-1	-1	-1	0.01702	0.04206	0.01259	0.04594	0.03236	0.03049	0.03469	0	-1	-1	-1	-1	-1	-1	-1	-1	-1	0	-1	-1	-1	-1	-1	0	-1	-1	-1-1	-1	-1	-1	-1	-1	-1	-1	-1	-1	-1	-1	-1	-1	-1	-1	-1	0.0194	0.03348	0	0.075	0.06471	0.01524	0.09919	0.02733	-1	-1	-1	-1	-1	-1	-1	-1	-1	0	-1	-1	-1	-1	-1	0	-1	-1	-1-1	-1	-1	-1	-1	-1	-1	-1	-1	-1	-1	-1	-1	-1	-1	-1	-1	0	0.04367	0.03776	0.06297	0.02427	0	0.08253	0.08608	-1	-1	-1	-1	-1	-1	-1	-1	-1	0	-1	-1	-1	-1	-1	0	-1	-1	-1-1	-1	-1	-1	-1	-1	-1	-1	-1	-1	-1	-1	-1	-1	-1	-1	-1	0.0194	0.05398	0.08521	0.05419	0.02427	0.01524	0.09904	0.04648	-1	-1	-1	-1	-1	-1	-1	-1	-1	0	-1	-1	-1	-1	-1	0	-1	-1	-1-1	-1	-1	-1	-1	-1	-1	-1	-1	-1	-1	-1	-1	-1	-1	-1	-1	0	0.05419	0.05727	0.05585	0.01618	0.04176	0.0969	0.02173	-1	-1	-1	-1	-1	-1	-1	-1	-1	0	-1	-1	-1	-1	-1	0	-1	-1	-1-1	-1	-1	-1	-1	-1	-1	-1	-1	-1	-1	-1	-1	-1	-1	-1	-1	0.05328	0.03509	0	0.0383	0.02427	0.04189	0.17331	0.13729	-1	-1	-1	-1	-1	-1	-1	-1	-1	0	-1	-1	-1	-1	-1	0	-1	-1	-1-1	-1	-1	-1	-1	-1	-1	-1	-1	-1	-1	-1	-1	-1	-1	-1	-1	0.33277	0.03509	0.02517	0.06743	0.01747	0.08723	0.0784	0.24231	-1	-1	-1	-1	-1	-1	-1	-1	-1	0.15165	-1	-1	-1	-1	-1	0.07013	-1	-1	-1-1	-1	-1	-1	-1	-1	-1	-1	-1	-1	-1	-1	-1	-1	-1	-1	-1	0.10094	0.06514	0.23109	0.17165	0.24996	0.15473	0.0943	0.06456	-1	-1	-1	-1	-1	-1	-1	-1	-1	0.37188	-1	-1	-1	-1	-1	0.40507	-1	-1	-1-1	-1	-1	-1	-1	-1	-1	-1	-1	-1	-1	-1	-1	-1	-1	-1	-1	0.05566	0.05923	0.13115	0.09551	0.10904	0.27591	0.05074	0.04304	-1	-1	-1	-1	-1	-1	-1	-1	-1	0.18327	-1	-1	-1	-1	-1	0.26049	-1	-1	-1-1	-1	-1	-1	-1	-1	-1	-1	-1	-1	-1	-1	-1	-1	-1	-1	-1	0.03472	0.16161	0.1888	0.10702	0.10387	0.13616	0.03164	0.04562	-1	-1	-1	-1	-1	-1	-1	-1	-1	0.14963	-1	-1	-1	-1	-1	0.15409	-1	-1	-1-1	-1	-1	-1	-1	-1	-1	-1	-1	-1	-1	-1	-1	-1	-1	-1	-1	0.0846	0	0.01259	0.02709	0.0089	0.02869	0.04524	0.02152	-1	-1	-1	-1	-1	-1	-1	-1	-1	0.06967	-1	-1	-1	-1	-1	0.06011	-1	-1	-1-1	-1	-1	-1	-1	-1	-1	-1	-1	-1	-1	-1	-1	-1	-1	-1	-1	0	0.02286	0.04921	0.0277	0.04498	0.04419	0.05089	0.02733	-1	-1	-1	-1	-1	-1	-1	-1	-1	0.03676	-1	-1	-1	-1	-1	0.03006	-1	-1	-1-1	-1	-1	-1	-1	-1	-1	-1	-1	-1	-1	-1	-1	-1	-1	-1	-1	0.04323	0.01556	0.01435	0.01794	0.0364	0.08518	0	0.17215	-1	-1	-1	-1	-1	-1	-1	-1	-1	0.01838	-1	-1	-1	-1	-1	0.02004	-1	-1	-1-1	-1	-1	-1	-1	-1	-1	-1	-1	-1	-1	-1	-1	-1	-1	-1	-1	0	0.01127	0.0579	0.02838	0.00809	0	0	0	-1	-1	-1	-1	-1	-1	-1	-1	-1	0	-1	-1	-1	-1	-1	0	-1	-1	-1-1	-1	-1	-1	-1	-1	-1	-1	-1	-1	-1	-1	-1	-1	-1	-1	-1	0	0	0.02605	0.04488	0.02257	0	0.01589	0	-1	-1	-1	-1	-1	-1	-1	-1	-1	0.01875	-1	-1	-1	-1	-1	0	-1	-1	-1-1	-1	-1	-1	-1	-1	-1	-1	-1	-1	-1	-1	-1	-1	-1	-1	-1	0.0177	0	0	0.01022	0.05266	0	0	0	-1	-1	-1	-1	-1	-1	-1	-1	-1	0	-1	-1	-1	-1	-1	0	-1	-1	-1-1	-1	-1	-1	-1	-1	-1	-1	-1	-1	-1	-1	-1	-1	-1	-1	-1	0.01702	0.04464	0.01284	0	0.02653	0	0	0	-1	-1	-1	-1	-1	-1	-1	-1	-1	0	-1	-1	-1	-1	-1	0	-1	-1	-1-1	-1	-1	-1	-1	-1	-1	-1	-1	-1	-1	-1	-1	-1	-1	-1	-1	0	0	0.02026	0.00908	0.00841	0.01281	0.01666	0	-1	-1	-1	-1	-1	-1	-1	-1	-1	0	-1	-1	-1	-1	-1	0	-1	-1	-1-1	-1	-1	-1	-1	-1	-1	-1	-1	-1	-1	-1	-1	-1	-1	-1	-1	0.02077	0	0	0.00931	0	0	0	0.02152	-1	-1	-1	-1	-1	-1	-1	-1	-1	0	-1	-1	-1	-1	-1	0	-1	-1	-1-1	-1	-1	-1	-1	-1	-1	-1	-1	-1	-1	-1	-1	-1	-1	-1	-1	0.03574	0	0	0	0	0	0	0	-1	-1	-1	-1	-1	-1	-1	-1	-1	0	-1	-1	-1	-1	-1	0	-1	-1	-1-1	-1	-1	-1	-1	-1	-1	-1	-1	-1	-1	-1	-1	-1	-1	-1	-1	0	0.01459	0	0.01741	0.01861	0	0	0.02152	-1	-1	-1	-1	-1	-1	-1	-1	-1	0	-1	-1	-1	-1	-1	0	-1	-1	-1-1	-1	-1	-1	-1	-1	-1	-1	-1	-1	-1	-1	-1	-1	-1	-1	-1	0	0	0	0	0.00809	0	0	0	-1	-1	-1	-1	-1	-1	-1	-1	-1	0	-1	-1	-1	-1	-1	0	-1	-1	-1-1	-1	-1	-1	-1	-1	-1	-1	-1	-1	-1	-1	-1	-1	-1	-1	-1	0	0	0	0	0.00841	0	0	0	-1	-1	-1	-1	-1	-1	-1	-1	-1	0	-1	-1	-1	-1	-1	0	-1	-1	-1-1	-1	-1	-1	-1	-1	-1	-1	-1	-1	-1	-1	-1	-1	-1	-1	-1	0	0	0	0	0	0	0	0	-1	-1	-1	-1	-1	-1	-1	-1	-1	0	-1	-1	-1	-1	-1	0	-1	-1	-1-1	-1	-1	-1	-1	-1	-1	-1	-1	-1	-1	-1	-1	-1	-1	-1	-1	0	0	0	0.00757	0.00898	0	0	0	-1	-1	-1	-1	-1	-1	-1	-1	-1	0	-1	-1	-1	-1	-1	0	-1	-1	-1-1	-1	-1	-1	-1	-1	-1	-1	-1	-1	-1	-1	-1	-1	-1	-1	-1	0	0	0	0	0	0	0	0.02152	-1	-1	-1	-1	-1	-1	-1	-1	-1	0	-1	-1	-1	-1	-1	0	-1	-1	-1-1	-1	-1	-1	-1	-1	-1	-1	-1	-1	-1	-1	-1	-1	-1	-1	-1	0	0	0	0	0	0	0	0	-1	-1	-1	-1	-1	-1	-1	-1	-1	0	-1	-1	-1	-1	-1	0	-1	-1	-1-1	-1	-1	-1	-1	-1	-1	-1	-1	-1	-1	-1	-1	-1	-1	-1	-1	0	0	0	0	0	0	0	0	-1	-1	-1	-1	-1	-1	-1	-1	-1	0	-1	-1	-1	-1	-1	0	-1	-1	-1-1	-1	-1	-1	-1	-1	-1	-1	-1	-1	-1	-1	-1	-1	-1	-1	-1	0	0	0	0	0	0	0	0	-1	-1	-1	-1	-1	-1	-1	-1	-1	0	-1	-1	-1	-1	-1	0	-1	-1	-1-1	-1	-1	-1	-1	-1	-1	-1	-1	-1	-1	-1	-1	-1	-1	-1	-1	0	0	0	0	0	0	0	0	-1	-1	-1	-1	-1	-1	-1	-1	-1	0	-1	-1	-1	-1	-1	0	-1	-1	-1-1	-1	-1	-1	-1	-1	-1	-1	-1	-1	-1	-1	-1	-1	-1	-1	-1	0	0	0	0	0	0	0	0	-1	-1	-1	-1	-1	-1	-1	-1	-1	0	-1	-1	-1	-1	-1	0	-1	-1	-1-1	-1	-1	-1	-1	-1	-1	-1	-1	-1	-1	-1	-1	-1	-1	-1	-1	0	0	0	0	0	0	0	0	-1	-1	-1	-1	-1	-1	-1	-1	-1	0	-1	-1	-1	-1	-1	0	-1	-1	-1-1	-1	-1	-1	-1	-1	-1	-1	-1	-1	-1	-1	-1	-1	-1	-1	-1	0	0	0	0	0	0	0	0	-1	-1	-1	-1	-1	-1	-1	-1	-1	0	-1	-1	-1	-1	-1	0	-1	-1	-1-1	-1	-1	-1	-1	-1	-1	-1	-1	-1	-1	-1	-1	-1	-1	-1	-1	0	0	0	0	0	0	0	0	-1	-1	-1	-1	-1	-1	-1	-1	-1	0	-1	-1	-1	-1	-1	0	-1	-1	-1-1	-1	-1	-1	-1	-1	-1	-1	-1	-1	-1	-1	-1	-1	-1	-1	-1	0	0	0	0	0.00817	0	0	0	-1	-1	-1	-1	-1	-1	-1	-1	-1	0	-1	-1	-1	-1	-1	0	-1	-1	-1-1	-1	-1	-1	-1	-1	-1	-1	-1	-1	-1	-1	-1	-1	-1	-1	-1	0	0	0	0	0	0	0	0	-1	-1	-1	-1	-1	-1	-1	-1	-1	0	-1	-1	-1	-1	-1	0	-1	-1	-1-1	-1	-1	-1	-1	-1	-1	-1	-1	-1	-1	-1	-1	-1	-1	-1	-1	0	0	0	0	0	0	0	0	-1	-1	-1	-1	-1	-1	-1	-1	-1	0	-1	-1	-1	-1	-1	0	-1	-1	-1-1	-1	-1	-1	-1	-1	-1	-1	-1	-1	-1	-1	-1	-1	-1	-1	-1	0	0	0	0	0	0	0	0	-1	-1	-1	-1	-1	-1	-1	-1	-1	0	-1	-1	-1	-1	-1	0	-1	-1	-1-1	-1	-1	-1	-1	-1	-1	-1	-1	-1	-1	-1	-1	-1	-1	-1	-1	0	0	0	0	0	0	0	0	-1	-1	-1	-1	-1	-1	-1	-1	-1	0	-1	-1	-1	-1	-1	0	-1	-1	-1-1	-1	-1	-1	-1	-1	-1	-1	-1	-1	-1	-1	-1	-1	-1	-1	-1	0	0	0	0	0	0	0	0	-1	-1	-1	-1	-1	-1	-1	-1	-1	0	-1	-1	-1	-1	-1	0	-1	-1	-1-1	-1	-1	-1	-1	-1	-1	-1	-1	-1	-1	-1	-1	-1	-1	-1	-1	0	0	0	0	0	0	0	0	-1	-1	-1	-1	-1	-1	-1	-1	-1	0	-1	-1	-1	-1	-1	0	-1	-1	-1-1	-1	-1	-1	-1	-1	-1	-1	-1	-1	-1	-1	-1	-1	-1	-1	-1	0	0	0	0	0	0	0	0	-1	-1	-1	-1	-1	-1	-1	-1	-1	0	-1	-1	-1	-1	-1	0	-1	-1	-1-1	-1	-1	-1	-1	-1	-1	-1	-1	-1	-1	-1	-1	-1	-1	-1	-1	0	0	0	0	0	0	0	0	-1	-1	-1	-1	-1	-1	-1	-1	-1	0	-1	-1	-1	-1	-1	0	-1	-1	-1-1	-1	-1	-1	-1	-1	-1	-1	-1	-1	-1	-1	-1	-1	-1	-1	-1	0	0	0	0	0	0	0	0	-1	-1	-1	-1	-1	-1	-1	-1	-1	0	-1	-1	-1	-1	-1	0	-1	-1	-1-1	-1	-1	-1	-1	-1	-1	-1	-1	-1	-1	-1	-1	-1	-1	-1	-1	0	0	0	0	0	0	0	0	-1	-1	-1	-1	-1	-1	-1	-1	-1	0	-1	-1	-1	-1	-1	0	-1	-1	-1-1	-1	-1	-1	-1	-1	-1	-1	-1	-1	-1	-1	-1	-1	-1	-1	-1	0	0	0	0	0	0	0	0	-1	-1	-1	-1	-1	-1	-1	-1	-1	0	-1	-1	-1	-1	-1	0	-1	-1	-1-1	-1	-1	-1	-1	-1	-1	-1	-1	-1	-1	-1	-1	-1	-1	-1	-1	0	0	0	0	0	0	0	0	-1	-1	-1	-1	-1	-1	-1	-1	-1	0	-1	-1	-1	-1	-1	0	-1	-1	-1
# OT_NAFO4_Obs_m
-1 -1 -1 -1 -1 -1 -1 -1 -1 -1 -1 0 -1 -1 0 -1 -1 0 0 0 0 0 0 0 0 0 0 0 0 0 0 0 0 0 0 0 0 0 0 0 0 0 0 0
-1 -1 -1 -1 -1 -1 -1 -1 -1 -1 -1 0 -1 -1 0 -1 -1 0 0 0 0 0 0 0 0 0 0 0 0 0 0 0 0 0 0 0 0 0 0 0 0 0 0 0
-1 -1 -1 -1 -1 -1 -1 -1 -1 -1 -1 0 -1 -1 0 -1 -1 0 0 0 0 0 0 0 0 0 0 0 0 0 0 0 0 0 0 0 0 0 0 0 0 0 0 0
-1 -1 -1 -1 -1 -1 -1 -1 -1 -1 -1 0 -1 -1 0 -1 -1 0 0 0 0 0.00809 0 0 0 0 0 0 0 0 0 0 0 0 0 0 0 0 0 0 0 0 0 0
-1 -1 -1 -1 -1 -1 -1 -1 -1 -1 -1 0 -1 -1 0 -1 -1 0 0.24144 0 0 0 0 0 0 0 0 0 0 0 0 0 0 0 0 0 0 0 0 0 0 0 0 0
-1 -1 -1 -1 -1 -1 -1 -1 -1 -1 -1 0 -1 -1 0 -1 -1 0.09685 0.02361 0.01259 0.00764 0.03236 0 0 0 0 0 0 0 0 0 0 0 0 0 0 0 0 0 0 0 0 0 0
-1 -1 -1 -1 -1 -1 -1 -1 -1 -1 -1 0 -1 -1 0 -1 -1 0.05089 0.04249 0.02517 0.01892 0.03236 0.03049 0.03057 0 0 0 0 0 0 0 0 0 0 0 0 0 0 0 0 0 0 0 0
-1 -1 -1 -1 -1 -1 -1 -1 -1 -1 -1 0 -1 -1 0 -1 -1 0.01702 0.04206 0.01259 0.04594 0.03236 0.03049 0.03469 0 0 0 0 0 0 0 0 0 0 0 0 0 0 0 0 0 0 0 0
-1 -1 -1 -1 -1 -1 -1 -1 -1 -1 -1 0.5 -1 -1 0 -1 -1 0.0194 0.03348 0 0.075 0.06471 0.01524 0.09919 0.02733 0 0 0 0 0 0 0 0 0 0 0 0 0 0 0 0 0 0 0
-1 -1 -1 -1 -1 -1 -1 -1 -1 -1 -1 0.5 -1 -1 0 -1 -1 0 0.04367 0.03776 0.06297 0.02427 0 0.08253 0.08608 0 0 0 0 0 0 0 0 0 0 0 0 0 0 0 0 0 0 0
-1 -1 -1 -1 -1 -1 -1 -1 -1 -1 -1 0 -1 -1 0 -1 -1 0.0194 0.05398 0.08521 0.05419 0.02427 0.01524 0.09904 0.04648 0 0 0 0.55365 0 0 0 0 0 0 0 0 0 0 0 0 0 0 0
-1 -1 -1 -1 -1 -1 -1 -1 -1 -1 -1 0 -1 -1 0 -1 -1 0 0.05419 0.05727 0.05585 0.01618 0.04176 0.0969 0.02173 0 0 0 0 0 0 0 0 0 0 0 0 0 0 0 0 0 0 0
-1 -1 -1 -1 -1 -1 -1 -1 -1 -1 -1 0 -1 -1 0.09107 -1 -1 0.05328 0.03509 0 0.0383 0.02427 0.04189 0.17331 0.13729 0 0 0 0 0 0 0 0 0 0 0 0 0 0 0 0 0 0 0
-1 -1 -1 -1 -1 -1 -1 -1 -1 -1 -1 0 -1 -1 0 -1 -1 0.33277 0.03509 0.02517 0.06743 0.01747 0.08723 0.0784 0.24231 0.38235 0 0 0 0 0 0 0.21154 0 0.15165 0 0 0.26061 0 0 0.07013 0 0 0
-1 -1 -1 -1 -1 -1 -1 -1 -1 -1 -1 0 -1 -1 0.45359 -1 -1 0.10094 0.06514 0.23109 0.17165 0.24996 0.15473 0.0943 0.06456 0.38235 0.50226 0 0.44635 0.71182 0.47246 0.5771 0.40064 1 0.37188 0.32944 0.12672 0 1 1 0.40507 0 0 0.48309
-1 -1 -1 -1 -1 -1 -1 -1 -1 -1 -1 0 -1 -1 0.18214 -1 -1 0.05566 0.05923 0.13115 0.09551 0.10904 0.27591 0.05074 0.04304 0.09655 0 0 0 0 0.13219 0.22994 0.19391 0 0.18327 0.09515 0.11552 0.12121 0 0 0.26049 1 0 0
-1 -1 -1 -1 -1 -1 -1 -1 -1 -1 -1 0 -1 -1 0.09107 -1 -1 0.03472 0.16161 0.1888 0.10702 0.10387 0.13616 0.03164 0.04562 0 0.49774 0 0 0 0.1224 0.09648 0.19391 0 0.14963 0.10772 0.30431 0.10101 0 0 0.15409 0 0 0
-1 -1 -1 -1 -1 -1 -1 -1 -1 -1 -1 0 -1 -1 0 -1 -1 0.0846 0 0.01259 0.02709 0.0089 0.02869 0.04524 0.02152 0 0 0.64103 0 0 0.27295 0 0 0 0.06967 0 0.22845 0 0 0 0.06011 0 0 0
-1 -1 -1 -1 -1 -1 -1 -1 -1 -1 -1 0 -1 -1 0.09107 -1 -1 0 0.02286 0.04921 0.0277 0.04498 0.04419 0.05089 0.02733 0 0 0 0 0.28818 0 0 0 0 0.03676 0.13375 0 0.28283 0 0 0.03006 0 1 0
-1 -1 -1 -1 -1 -1 -1 -1 -1 -1 -1 0 -1 -1 0 -1 -1 0.04323 0.01556 0.01435 0.01794 0.0364 0.08518 0 0.17215 0 0 0 0 0 0 0 0 0 0.01838 0.18492 0.11552 0.13333 0 0 0.02004 0 0 0
-1 -1 -1 -1 -1 -1 -1 -1 -1 -1 -1 0 -1 -1 0 -1 -1 0 0.01127 0.0579 0.02838 0.00809 0 0 0 0 0 0.35897 0 0 0 0 0 0 0 0 0 0 0 0 0 0 0 0
-1 -1 -1 -1 -1 -1 -1 -1 -1 -1 -1 0 -1 -1 0 -1 -1 0 0 0.02605 0.04488 0.02257 0 0.01589 0 0.07481 0 0 0 0 0 0 0 0 0.01875 0 0.10948 0 0 0 0 0 0 0.51691
-1 -1 -1 -1 -1 -1 -1 -1 -1 -1 -1 0 -1 -1 0 -1 -1 0.0177 0 0 0.01022 0.05266 0 0 0 0.06394 0 0 0 0 0 0 0 0 0 0 0 0.10101 0 0 0 0 0 0
-1 -1 -1 -1 -1 -1 -1 -1 -1 -1 -1 0 -1 -1 0 -1 -1 0.01702 0.04464 0.01284 0 0.02653 0 0 0 0 0 0 0 0 0 0 0 0 0 0 0 0 0 0 0 0 0 0
-1 -1 -1 -1 -1 -1 -1 -1 -1 -1 -1 0 -1 -1 0 -1 -1 0 0 0.02026 0.00908 0.00841 0.01281 0.01666 0 0 0 0 0 0 0 0 0 0 0 0 0 0 0 0 0 0 0 0
-1 -1 -1 -1 -1 -1 -1 -1 -1 -1 -1 0 -1 -1 0 -1 -1 0.02077 0 0 0.00931 0 0 0 0.02152 0 0 0 0 0 0 0.09648 0 0 0 0 0 0 0 0 0 0 0 0
-1 -1 -1 -1 -1 -1 -1 -1 -1 -1 -1 0 -1 -1 0.09107 -1 -1 0.03574 0 0 0 0 0 0 0 0 0 0 0 0 0 0 0 0 0 0.14901 0 0 0 0 0 0 0 0
-1 -1 -1 -1 -1 -1 -1 -1 -1 -1 -1 0 -1 -1 0 -1 -1 0 0.01459 0 0.01741 0.01861 0 0 0.02152 0 0 0 0 0 0 0 0 0 0 0 0 0 0 0 0 0 0 0
-1 -1 -1 -1 -1 -1 -1 -1 -1 -1 -1 0 -1 -1 0 -1 -1 0 0 0 0 0.00809 0 0 0 0 0 0 0 0 0 0 0 0 0 0 0 0 0 0 0 0 0 0
-1 -1 -1 -1 -1 -1 -1 -1 -1 -1 -1 0 -1 -1 0 -1 -1 0 0 0 0 0.00841 0 0 0 0 0 0 0 0 0 0 0 0 0 0 0 0 0 0 0 0 0 0
-1 -1 -1 -1 -1 -1 -1 -1 -1 -1 -1 0 -1 -1 0 -1 -1 0 0 0 0 0 0 0 0 0 0 0 0 0 0 0 0 0 0 0 0 0 0 0 0 0 0 0
-1 -1 -1 -1 -1 -1 -1 -1 -1 -1 -1 0 -1 -1 0 -1 -1 0 0 0 0.00757 0.00898 0 0 0 0 0 0 0 0 0 0 0 0 0 0 0 0 0 0 0 0 0 0
-1 -1 -1 -1 -1 -1 -1 -1 -1 -1 -1 0 -1 -1 0 -1 -1 0 0 0 0 0 0 0 0.02152 0 0 0 0 0 0 0 0 0 0 0 0 0 0 0 0 0 0 0
-1 -1 -1 -1 -1 -1 -1 -1 -1 -1 -1 0 -1 -1 0 -1 -1 0 0 0 0 0 0 0 0 0 0 0 0 0 0 0 0 0 0 0 0 0 0 0 0 0 0 0
-1 -1 -1 -1 -1 -1 -1 -1 -1 -1 -1 0 -1 -1 0 -1 -1 0 0 0 0 0 0 0 0 0 0 0 0 0 0 0 0 0 0 0 0 0 0 0 0 0 0 0
-1 -1 -1 -1 -1 -1 -1 -1 -1 -1 -1 0 -1 -1 0 -1 -1 0 0 0 0 0 0 0 0 0 0 0 0 0 0 0 0 0 0 0 0 0 0 0 0 0 0 0
-1 -1 -1 -1 -1 -1 -1 -1 -1 -1 -1 0 -1 -1 0 -1 -1 0 0 0 0 0 0 0 0 0 0 0 0 0 0 0 0 0 0 0 0 0 0 0 0 0 0 0
-1 -1 -1 -1 -1 -1 -1 -1 -1 -1 -1 0 -1 -1 0 -1 -1 0 0 0 0 0 0 0 0 0 0 0 0 0 0 0 0 0 0 0 0 0 0 0 0 0 0 0
-1 -1 -1 -1 -1 -1 -1 -1 -1 -1 -1 0 -1 -1 0 -1 -1 0 0 0 0 0 0 0 0 0 0 0 0 0 0 0 0 0 0 0 0 0 0 0 0 0 0 0
-1 -1 -1 -1 -1 -1 -1 -1 -1 -1 -1 0 -1 -1 0 -1 -1 0 0 0 0 0 0 0 0 0 0 0 0 0 0 0 0 0 0 0 0 0 0 0 0 0 0 0
-1 -1 -1 -1 -1 -1 -1 -1 -1 -1 -1 0 -1 -1 0 -1 -1 0 0 0 0 0 0 0 0 0 0 0 0 0 0 0 0 0 0 0 0 0 0 0 0 0 0 0
-1 -1 -1 -1 -1 -1 -1 -1 -1 -1 -1 0 -1 -1 0 -1 -1 0 0 0 0 0.00817 0 0 0 0 0 0 0 0 0 0 0 0 0 0 0 0 0 0 0 0 0 0
-1 -1 -1 -1 -1 -1 -1 -1 -1 -1 -1 0 -1 -1 0 -1 -1 0 0 0 0 0 0 0 0 0 0 0 0 0 0 0 0 0 0 0 0 0 0 0 0 0 0 0
-1 -1 -1 -1 -1 -1 -1 -1 -1 -1 -1 0 -1 -1 0 -1 -1 0 0 0 0 0 0 0 0 0 0 0 0 0 0 0 0 0 0 0 0 0 0 0 0 0 0 0
-1 -1 -1 -1 -1 -1 -1 -1 -1 -1 -1 0 -1 -1 0 -1 -1 0 0 0 0 0 0 0 0 0 0 0 0 0 0 0 0 0 0 0 0 0 0 0 0 0 0 0
-1 -1 -1 -1 -1 -1 -1 -1 -1 -1 -1 0 -1 -1 0 -1 -1 0 0 0 0 0 0 0 0 0 0 0 0 0 0 0 0 0 0 0 0 0 0 0 0 0 0 0
-1 -1 -1 -1 -1 -1 -1 -1 -1 -1 -1 0 -1 -1 0 -1 -1 0 0 0 0 0 0 0 0 0 0 0 0 0 0 0 0 0 0 0 0 0 0 0 0 0 0 0
-1 -1 -1 -1 -1 -1 -1 -1 -1 -1 -1 0 -1 -1 0 -1 -1 0 0 0 0 0 0 0 0 0 0 0 0 0 0 0 0 0 0 0 0 0 0 0 0 0 0 0
-1 -1 -1 -1 -1 -1 -1 -1 -1 -1 -1 0 -1 -1 0 -1 -1 0 0 0 0 0 0 0 0 0 0 0 0 0 0 0 0 0 0 0 0 0 0 0 0 0 0 0
-1 -1 -1 -1 -1 -1 -1 -1 -1 -1 -1 0 -1 -1 0 -1 -1 0 0 0 0 0 0 0 0 0 0 0 0 0 0 0 0 0 0 0 0 0 0 0 0 0 0 0
-1 -1 -1 -1 -1 -1 -1 -1 -1 -1 -1 0 -1 -1 0 -1 -1 0 0 0 0 0 0 0 0 0 0 0 0 0 0 0 0 0 0 0 0 0 0 0 0 0 0 0
-1 -1 -1 -1 -1 -1 -1 -1 -1 -1 -1 0 -1 -1 0 -1 -1 0 0 0 0 0 0 0 0 0 0 0 0 0 0 0 0 0 0 0 0 0 0 0 0 0 0 0
-1 -1 -1 -1 -1 -1 -1 -1 -1 -1 -1 0 -1 -1 0 -1 -1 0 0 0 0 0 0 0 0 0 0 0 0 0 0 0 0 0 0 0 0 0 0 0 0 0 0 0
-1 -1 -1 -1 -1 -1 -1 -1 -1 -1 -1 0 -1 -1 0 -1 -1 0 0 0 0 0 0 0 0 0 0 0 0 0 0 0 0 0 0 0 0 0 0 0 0 0 0 0