# RV_4VWX_f
0.04864 0 0.10435 0 0 0.03208 0 0 0 0 0 0 0.06912 0 0 0 0.01593 0 0 0 0.04432 0 0 0 0 0 0 0 0.0308 0 -1 0 0 0 0 0 0 0.02858 0 0 0.02544 0.03258 0 0
0 0.05439 0 0 0 0.06007 0 0.08319 0 0 0 0 0.06329 0 0 0.14493 0.14386 0 0 0 0 0 0 0 0 0 0 0 0 0 -1 0.04509 0 0 0 0 0 0 0 0 0 0.04763 0.01699 0.01474
0 0.32634 0 0.11492 0.02913 0.03166 0 0.03586 0 0 0.04741 0 0 0 0 0.14493 0.06968 0 0 0.0872 0.02307 0.06143 0 0 0.13279 0.02079 0 0 0.07116 0.06772 -1 0 0 0 0.0257 0.05383 0 0 0.00926 0 0.02886 0.01604 0.03492 0.015
0 0.21756 0.0829 0.08965 0.12255 0 0.13681 0 0.10839 0 0.14281 0.02293 0 0 0 0.07797 0.09413 0.10025 0.09177 0.09195 0.04432 0.03685 0.05696 0.10336 0.10864 0.09971 0 0.20032 0.17417 0 -1 0.0591 0 0.16389 0.13555 0.13035 0.02157 0.02548 0.18155 0.02313 0.05263 0.07559 0.05884 0.08761
0 0.05439 0.07606 0.13573 0.12681 0.21329 0.0455 0.23644 0.17619 0 0.04563 0 0.10917 0.1205 0.03726 0.07196 0.18499 0.0934 0.22518 0.12079 0.21265 0.05669 0 0 0.05311 0.26627 0.10622 0.11967 0.05149 0.05717 -1 0.18453 0.04115 0 0.09469 0.18723 0.02646 0.01429 0.04504 0 0.13735 0.12732 0.04738 0.08647
0.21431 0 0.29129 0.05266 0.26928 0.14494 0.05965 0.17493 0.22438 0.07106 0.04852 0.04464 0.02338 0.02308 0.1475 0.0507 0.10243 0.17422 0.05397 0.13583 0.12993 0.13558 0.10937 0.08408 0 0.07165 0.06952 0.09768 0.14232 0.07799 -1 0.23242 0.09607 0.14973 0.15375 0.17402 0.10977 0.03226 0.08917 0.28821 0.12726 0.24936 0.074 0.11459
0.21443 0 0.08488 0.15265 0.13666 0.01727 0.09212 0.13833 0 0.06327 0.06359 0.20358 0 0 0.14389 0 0.15279 0.25923 0.23956 0.09296 0.1896 0.04551 0.08244 0.06279 0.11728 0.03535 0.37246 0.11889 0.03185 0.17471 -1 0.09361 0.04103 0.12795 0.05124 0.12646 0.08998 0.14717 0.13148 0.03408 0.07528 0.16574 0.17592 0.04761
0.13884 0.12503 0 0.063 0.06456 0.22039 0.25292 0.14396 0.04267 0.11571 0.09472 0.01641 0.02876 0 0.18476 0 0.1414 0.18044 0.24165 0.14224 0.06408 0.19622 0.1044 0.13011 0.19138 0.13506 0.26871 0.03915 0 0.07611 -1 0.10688 0.08308 0.04327 0.13799 0.05389 0.15776 0.09832 0.06563 0.12251 0.05306 0.12772 0.05924 0.14153
0 0.05439 0.05432 0.22895 0.11229 0.13425 0.0833 0.05095 0 0.25006 0.26345 0.03158 0.21588 0.05124 0 0.09109 0 0.07516 0.05041 0.02026 0.06705 0.10896 0.19429 0.04258 0.05953 0.16899 0.03222 0.08774 0.03185 0.17304 -1 0.05851 0.03324 0.09777 0.11208 0.03681 0 0.06066 0.09397 0.08145 0.13609 0.07292 0.12297 0.12819
0 0 0 0.10765 0.10099 0.08771 0.04098 0.03174 0.05614 0.17998 0.08094 0.2351 0 0 0 0.10851 0 0.083 0.01918 0.10594 0.07834 0.21708 0.02923 0.21693 0.0887 0 0.03222 0 0.05149 0.12091 -1 0.03469 0.00921 0.04149 0.1139 0.0411 0.0861 0.09233 0.10266 0.02313 0.07867 0.01319 0.12284 0.04515
0.22846 0.1679 0.08372 0 0 0.02137 0.01833 0.01907 0.02811 0.09174 0.10532 0.07312 0.06564 0.24146 0 0.12174 0 0.0343 0.05909 0.03598 0.05585 0.05601 0.13142 0.05228 0 0.02682 0 0.03105 0 0 -1 0.04388 0.1112 0.04889 0 0.02108 0.05289 0.17759 0.06358 0.12116 0.05685 0.01426 0.02497 0.02149
0.15532 0 0.05432 0 0 0.03697 0.10867 0.00989 0.08971 0.12092 0 0.02293 0.12104 0 0.09769 0.14493 0 0 0 0.02026 0.03541 0.01592 0.05846 0.09627 0.02655 0 0.07047 0.08748 0.07116 0.15188 -1 0 0.16356 0.05591 0.03301 0.03009 0.13306 0.12484 0.04687 0.12516 0.01027 0 0.114 0.0377
0 0 0.05211 0.05478 0.03773 0 0.06022 0 0 0.02299 0.0435 0.16359 0 0.15825 0 0 0 0 0.01918 0.07285 0.01771 0 0.06217 0.06674 0.02655 0 0 0.12004 0.08879 0 -1 0.05851 0.04619 0.13316 0.04014 0.0413 0 0.03226 0.03398 0.02394 0.05564 0.01158 0.03351 0.02292
0 0 0 0 0 0 0.03297 0.00215 0 0.02299 0.03957 0 0.05986 0 0 0 0.02373 0 0 0 0.00652 0.02651 0 0.06387 0.09434 0.03227 0 0 0 0 -1 0.04022 0 0.03627 0.03975 0 0.04701 0.08242 0.05366 0.0426 0.06499 0.01034 0.03063 0.02866
0 0 0 0 0 0 0 0.02295 0.11498 0 0 0 0 0.13889 0.05879 0 0 0 0 0 0.03115 0.04324 0.05728 0.081 0.03126 0 0.04819 0 0.0308 0.071 -1 0 0.15217 0.02152 0 0 0.06321 0.01021 0.00882 0.07342 0 0 0.00558 0.03885
0 0 0 0 0 0 0 0 0.15944 0.04638 0 0 0.06954 0.03134 0.08088 0 0 0 0 0 0 0 0.05606 0 0.03774 0 0 0.04423 0.10455 0 -1 0 0 0.0428 0 0 0.05935 0 0 0 0 0 0 0.03213
0 0 0.06596 0 0 0 0.06853 0.02853 0 0 0.00611 0.0332 0 0 0.11485 0 0 0 0 0.07373 0 0 0 0 0 0.07155 0 0 0.08879 0 -1 0.04254 0.07721 0 0 0 0.03099 0 0.00926 0 0.00489 0.00981 0.01445 0.05168
0 0 0.0501 0 0 0 0 0 0 0 0 0 0.11102 0 0 0 0.07105 0 0 0 0 0 0 0 0 0 0 0 0 0 -1 0 0 0 0 0 0 0.05177 0 0 0.07162 0.00575 0 0
0 0 0 0 0 0 0 0 0 0 0 0 0.06329 0 0.10063 0.04326 0 0 0 0 0 0 0 0 0 0 0 0.05374 0.0308 0 -1 0 0 0.03733 0.06222 0.03314 0.04122 0 0.06507 0 0.01605 0 0 0.04722
0 0 0 0 0 0 0 0 0 0 0 0 0 0.05671 0 0 0 0 0 0 0 0 0 0 0 0 0 0 0 0 -1 0 0 0 0 0 0 0 0 0 0 0.00858 0.01135 0.02302
0 0 0 0 0 0 0 0.02199 0 0 0.01843 0.06584 0 0.05803 0.03376 0 0 0 0 0 0 0 0 0 0.03211 0 0 0 0 0 -1 0 0 0 0 0 0 0 0 0.01849 0 0.01158 0.04105 0
0 0 0 0 0 0 0 0 0 0 0 0 0 0 0 0 0 0 0 0 0 0 0 0 0 0 0 0 0 0.02946 -1 0 0 0 0 0 0 0 0 0 0.00505 0 0 0
0 0 0 0 0 0 0 0 0 0.01489 0 0 0 0 0 0 0 0 0 0 0 0 0 0 0 0 0 0 0 0 -1 0 0.0568 0 0 0 0 0 0 0 0 0 0 0
0 0 0 0 0 0 0 0 0 0 0 0 0 0 0 0 0 0 0 0 0 0 0 0 0 0 0 0 0 0 -1 0 0 0 0 0.01634 0 0 0 0 0 0 0 0.01546
0 0 0 0 0 0 0 0 0 0 0 0 0 0 0 0 0 0 0 0 0 0 0 0 0 0 0 0 0 0 -1 0 0 0 0 0.02121 0.04236 0 0 0 0 0 0.01135 0
0 0 0 0 0 0 0 0 0 0 0 0 0 0.1205 0 0 0 0 0 0 0 0 0 0 0 0.07155 0 0 0 0 -1 0 0.05538 0 0 0 0 0 0 0 0 0 0 0
0 0 0 0 0 0 0 0 0 0 0 0 0 0 0 0 0 0 0 0 0 0 0 0 0 0 0 0 0 0 -1 0 0.03372 0 0 0 0 0 0 0 0 0 0 0
0 0 0 0 0 0 0 0 0 0 0 0 0 0 0 0 0 0 0 0 0 0 0 0 0 0 0 0 0 0 -1 0 0 0 0 0 0.03826 0 0 0 0 0 0 0
0 0 0 0 0 0 0 0 0 0 0 0.08709 0 0 0 0 0 0 0 0 0 0 0 0 0 0 0 0 0 0 -1 0 0 0 0 0 0 0.02182 0 0 0 0 0 0
0 0 0 0 0 0 0 0 0 0 0 0 0 0 0 0 0 0 0 0 0 0 0 0 0 0 0 0 0 0 -1 0 0 0 0 0.03314 0 0 0 0 0 0 0 0
0 0 0 0 0 0 0 0 0 0 0 0 0 0 0 0 0 0 0 0 0 0 0.05792 0 0 0 0 0 0 0 -1 0 0 0 0 0 0 0 0 0 0 0 0 0
0 0 0 0 0 0 0 0 0 0 0 0 0 0 0 0 0 0 0 0 0 0 0 0 0 0 0 0 0 0 -1 0 0 0 0 0 0 0 0 0 0 0 0 0
0 0 0 0 0 0 0 0 0 0 0 0 0 0 0 0 0 0 0 0 0 0 0 0 0 0 0 0 0 0 -1 0 0 0 0 0 0 0 0 0 0 0 0 0
0 0 0 0 0 0 0 0 0 0 0 0 0 0 0 0 0 0 0 0 0 0 0 0 0 0 0 0 0 0 -1 0 0 0 0 0 0 0 0 0.02272 0 0 0 0
0 0 0 0 0 0 0 0 0 0 0 0 0 0 0 0 0 0 0 0 0 0 0 0 0 0 0 0 0 0 -1 0 0 0 0 0 0 0 0 0 0 0 0 0
# HS_f
-1 -1 -1 -1 -1 -1 -1 -1 -1 -1 -1 -1 -1 -1 -1 -1 -1 -1 -1 -1 -1 -1 -1 -1 -1 -1 -1 -1 0 0 0 0 0 0 0 0 0 0 0 0 0 0 0 0
-1 -1 -1 -1 -1 -1 -1 -1 -1 -1 -1 -1 -1 -1 -1 -1 -1 -1 -1 -1 -1 -1 -1 -1 -1 -1 -1 -1 0 0 0 0 0 0 0 0 0 0 0 0 0 0 0 0
-1 -1 -1 -1 -1 -1 -1 -1 -1 -1 -1 -1 -1 -1 -1 -1 -1 -1 -1 -1 -1 -1 -1 -1 -1 -1 -1 -1 0 0 0 0 0 0.00435 0 0 0 0 0 0 0 0 0 0
-1 -1 -1 -1 -1 -1 -1 -1 -1 -1 -1 -1 -1 -1 -1 -1 -1 -1 -1 -1 -1 -1 -1 -1 -1 -1 -1 -1 0 0 0 0 0 0 0 0 0 0 0 0 0 0 0 0
-1 -1 -1 -1 -1 -1 -1 -1 -1 -1 -1 -1 -1 -1 -1 -1 -1 -1 -1 -1 -1 -1 -1 -1 -1 -1 -1 -1 0 0 0 0 0 0 0 0 0 0 0 0 0 0 0 0
-1 -1 -1 -1 -1 -1 -1 -1 -1 -1 -1 -1 -1 -1 -1 -1 -1 -1 -1 -1 -1 -1 -1 -1 -1 -1 -1 -1 0.00513 0 0 0 0 0 0 0 0 0 0 0 0 0.00877 0 0
-1 -1 -1 -1 -1 -1 -1 -1 -1 -1 -1 -1 -1 -1 -1 -1 -1 -1 -1 -1 -1 -1 -1 -1 -1 -1 -1 -1 0.00513 0 0 0 0 0 0 0 0 0 0 0 0 0.00752 0 0
-1 -1 -1 -1 -1 -1 -1 -1 -1 -1 -1 -1 -1 -1 -1 -1 -1 -1 -1 -1 -1 -1 -1 -1 -1 -1 -1 -1 0 0 0 0 0 0 0 0 0 0 0 0 0 0.01253 0 0
-1 -1 -1 -1 -1 -1 -1 -1 -1 -1 -1 -1 -1 -1 -1 -1 -1 -1 -1 -1 -1 -1 -1 -1 -1 -1 -1 -1 0.01026 0 0 0 0 0 0 0 0 0 0 0 0 0.01629 0 0
-1 -1 -1 -1 -1 -1 -1 -1 -1 -1 -1 -1 -1 -1 -1 -1 -1 -1 -1 -1 -1 -1 -1 -1 -1 -1 -1 -1 0.0359 0.01266 0.00949 0.02465 0.01395 0.02609 0.00627 0.01812 0.05128 0.0266 0.02143 0.03527 0.00733 0.03759 0.01764 0.02436
-1 -1 -1 -1 -1 -1 -1 -1 -1 -1 -1 -1 -1 -1 -1 -1 -1 -1 -1 -1 -1 -1 -1 -1 -1 -1 -1 -1 0.06154 0.09283 0.06329 0.15141 0.10698 0.07826 0.04389 0.06884 0.24359 0.09574 0.175 0.14462 0.13187 0.10526 0.14109 0.13333
-1 -1 -1 -1 -1 -1 -1 -1 -1 -1 -1 -1 -1 -1 -1 -1 -1 -1 -1 -1 -1 -1 -1 -1 -1 -1 -1 -1 0.05641 0.1097 0.07278 0.15141 0.13953 0.13043 0.06583 0.0942 0.0641 0.10106 0.15 0.14815 0.14286 0.09273 0.12698 0.15
-1 -1 -1 -1 -1 -1 -1 -1 -1 -1 -1 -1 -1 -1 -1 -1 -1 -1 -1 -1 -1 -1 -1 -1 -1 -1 -1 -1 0.05641 0.05907 0.09494 0.09859 0.12093 0.07826 0.07837 0.07971 0.07692 0.12234 0.09643 0.13051 0.13004 0.10902 0.15168 0.1141
-1 -1 -1 -1 -1 -1 -1 -1 -1 -1 -1 -1 -1 -1 -1 -1 -1 -1 -1 -1 -1 -1 -1 -1 -1 -1 -1 -1 0.04615 0.07173 0.10127 0.08803 0.08837 0.09565 0.09404 0.06159 0.0641 0.10106 0.10357 0.10935 0.15201 0.07268 0.12169 0.08333
-1 -1 -1 -1 -1 -1 -1 -1 -1 -1 -1 -1 -1 -1 -1 -1 -1 -1 -1 -1 -1 -1 -1 -1 -1 -1 -1 -1 0.10256 0.07173 0.0538 0.06338 0.05116 0.03478 0.09404 0.09783 0.0641 0.06915 0.08214 0.08642 0.0641 0.06642 0.05644 0.05769
-1 -1 -1 -1 -1 -1 -1 -1 -1 -1 -1 -1 -1 -1 -1 -1 -1 -1 -1 -1 -1 -1 -1 -1 -1 -1 -1 -1 0.10256 0.08017 0.06013 0.04225 0.05116 0.06957 0.05329 0.0942 0.05128 0.08511 0.06071 0.05996 0.07692 0.07393 0.05644 0.06795
-1 -1 -1 -1 -1 -1 -1 -1 -1 -1 -1 -1 -1 -1 -1 -1 -1 -1 -1 -1 -1 -1 -1 -1 -1 -1 -1 -1 0.10769 0.07173 0.07595 0.03521 0.02326 0.05652 0.05956 0.07971 0.05128 0.04787 0.02857 0.04586 0.07875 0.07268 0.05115 0.06923
-1 -1 -1 -1 -1 -1 -1 -1 -1 -1 -1 -1 -1 -1 -1 -1 -1 -1 -1 -1 -1 -1 -1 -1 -1 -1 -1 -1 0.05641 0.06751 0.10443 0.05634 0.06977 0.06957 0.09404 0.09058 0.08974 0.04787 0.04286 0.04409 0.06777 0.06642 0.04762 0.05385
-1 -1 -1 -1 -1 -1 -1 -1 -1 -1 -1 -1 -1 -1 -1 -1 -1 -1 -1 -1 -1 -1 -1 -1 -1 -1 -1 -1 0.09744 0.1097 0.03481 0.04577 0.04186 0.06087 0.05016 0.06159 0.02564 0.07447 0.03571 0.02293 0.03114 0.04511 0.04762 0.06026
-1 -1 -1 -1 -1 -1 -1 -1 -1 -1 -1 -1 -1 -1 -1 -1 -1 -1 -1 -1 -1 -1 -1 -1 -1 -1 -1 -1 0.0359 0.05907 0.04747 0.03873 0.07442 0.06957 0.05016 0.03986 0.03846 0.05319 0.03214 0.03351 0.0348 0.05388 0.07055 0.03974
-1 -1 -1 -1 -1 -1 -1 -1 -1 -1 -1 -1 -1 -1 -1 -1 -1 -1 -1 -1 -1 -1 -1 -1 -1 -1 -1 -1 0.08718 0.06329 0.06013 0.04225 0.03721 0.03478 0.05016 0.03623 0.02564 0.04255 0.03571 0.02646 0.02015 0.03008 0.02469 0.03846
-1 -1 -1 -1 -1 -1 -1 -1 -1 -1 -1 -1 -1 -1 -1 -1 -1 -1 -1 -1 -1 -1 -1 -1 -1 -1 -1 -1 0.01026 0.03376 0.06013 0.02817 0.03256 0.03043 0.05329 0.03986 0.02564 0.0266 0.02857 0.02469 0.01282 0.02381 0.02469 0.03077
-1 -1 -1 -1 -1 -1 -1 -1 -1 -1 -1 -1 -1 -1 -1 -1 -1 -1 -1 -1 -1 -1 -1 -1 -1 -1 -1 -1 0.02051 0.02532 0.04114 0.03873 0.04186 0.04348 0.0627 0.04348 0.01282 0.0266 0.03571 0.02998 0.01099 0.02005 0.01058 0.01795
-1 -1 -1 -1 -1 -1 -1 -1 -1 -1 -1 -1 -1 -1 -1 -1 -1 -1 -1 -1 -1 -1 -1 -1 -1 -1 -1 -1 0.04103 0.03376 0.04114 0.04225 0.04186 0.02174 0.01881 0.01449 0.02564 0.01064 0.01429 0.01411 0.01099 0.01253 0.00882 0.01538
-1 -1 -1 -1 -1 -1 -1 -1 -1 -1 -1 -1 -1 -1 -1 -1 -1 -1 -1 -1 -1 -1 -1 -1 -1 -1 -1 -1 0 0.01266 0.02848 0.01408 0.0186 0.03913 0.04389 0.01812 0.03846 0.01596 0.01429 0.01587 0.01099 0.02005 0.01235 0.00897
-1 -1 -1 -1 -1 -1 -1 -1 -1 -1 -1 -1 -1 -1 -1 -1 -1 -1 -1 -1 -1 -1 -1 -1 -1 -1 -1 -1 0 0.01266 0.00949 0.02113 0.0093 0.02174 0.02508 0.01812 0 0.02128 0.00357 0.01235 0 0.00877 0.00353 0.00769
-1 -1 -1 -1 -1 -1 -1 -1 -1 -1 -1 -1 -1 -1 -1 -1 -1 -1 -1 -1 -1 -1 -1 -1 -1 -1 -1 -1 0.00513 0 0.01266 0.00352 0.0186 0.01739 0.01881 0.02899 0.01282 0.01064 0.01429 0.00353 0.00366 0.00752 0.00353 0.01026
-1 -1 -1 -1 -1 -1 -1 -1 -1 -1 -1 -1 -1 -1 -1 -1 -1 -1 -1 -1 -1 -1 -1 -1 -1 -1 -1 -1 0.00513 0 0.00316 0.00352 0.00465 0.01304 0.01881 0 0.01282 0.00532 0.00714 0.00353 0.00366 0.01253 0.00529 0.00385
-1 -1 -1 -1 -1 -1 -1 -1 -1 -1 -1 -1 -1 -1 -1 -1 -1 -1 -1 -1 -1 -1 -1 -1 -1 -1 -1 -1 0.01538 0 0.00316 0.00352 0.0093 0.00435 0.0094 0.00725 0.01282 0.00532 0.00714 0.00176 0.00183 0.01003 0.00353 0.00128
-1 -1 -1 -1 -1 -1 -1 -1 -1 -1 -1 -1 -1 -1 -1 -1 -1 -1 -1 -1 -1 -1 -1 -1 -1 -1 -1 -1 0.00513 0 0 0 0 0 0.00627 0.00362 0 0.00532 0.00357 0 0.00183 0.00752 0.00353 0.00128
-1 -1 -1 -1 -1 -1 -1 -1 -1 -1 -1 -1 -1 -1 -1 -1 -1 -1 -1 -1 -1 -1 -1 -1 -1 -1 -1 -1 0.01026 0 0.00633 0.00352 0 0 0.00313 0 0 0 0.00357 0.00353 0.00366 0.00251 0.00353 0.00769
-1 -1 -1 -1 -1 -1 -1 -1 -1 -1 -1 -1 -1 -1 -1 -1 -1 -1 -1 -1 -1 -1 -1 -1 -1 -1 -1 -1 0.01538 0 0.00316 0 0.00465 0 0 0 0 0 0 0 0.00183 0.00376 0.00529 0.00128
-1 -1 -1 -1 -1 -1 -1 -1 -1 -1 -1 -1 -1 -1 -1 -1 -1 -1 -1 -1 -1 -1 -1 -1 -1 -1 -1 -1 0 0 0.00316 0.00352 0 0 0 0.00362 0.01282 0.00532 0.00357 0 0 0 0 0.00128
-1 -1 -1 -1 -1 -1 -1 -1 -1 -1 -1 -1 -1 -1 -1 -1 -1 -1 -1 -1 -1 -1 -1 -1 -1 -1 -1 -1 0 0.00844 0.00316 0 0 0 0 0 0 0 0 0 0 0 0 0
-1 -1 -1 -1 -1 -1 -1 -1 -1 -1 -1 -1 -1 -1 -1 -1 -1 -1 -1 -1 -1 -1 -1 -1 -1 -1 -1 -1 0 0.00422 0 0 0 0 0 0 0 0 0 0 0 0 0 0
-1 -1 -1 -1 -1 -1 -1 -1 -1 -1 -1 -1 -1 -1 -1 -1 -1 -1 -1 -1 -1 -1 -1 -1 -1 -1 -1 -1 0.00513 0 0.00633 0 0 0 0 0 0 0 0 0.00176 0 0 0.00176 0
-1 -1 -1 -1 -1 -1 -1 -1 -1 -1 -1 -1 -1 -1 -1 -1 -1 -1 -1 -1 -1 -1 -1 -1 -1 -1 -1 -1 0 0 0 0 0 0 0 0 0 0 0 0.00176 0 0 0 0
-1 -1 -1 -1 -1 -1 -1 -1 -1 -1 -1 -1 -1 -1 -1 -1 -1 -1 -1 -1 -1 -1 -1 -1 -1 -1 -1 -1 0 0 0 0 0 0 0 0 0 0 0 0 0 0 0 0
# LL_NAFO3_Obs_f
-1 -1 -1 -1 -1 -1 -1 -1 -1 -1 -1 -1 -1 -1 -1 -1 -1 -1 0 0 0 0 0 0 0 0 0 0 0 0 0 0 0 0 0 0 0 0 0 0 0 0 0 0
-1 -1 -1 -1 -1 -1 -1 -1 -1 -1 -1 -1 -1 -1 -1 -1 -1 -1 0 0 0 0 0 0 0 0 0 0 0 0 0 0 0 0 0 0 0 0 0 0 0 0 0 0
-1 -1 -1 -1 -1 -1 -1 -1 -1 -1 -1 -1 -1 -1 -1 -1 -1 -1 0 0 0 0 0 0 0 0 0 0 0 0 0 0 0 0 0 0 0 0 0 0 0 0 0 0
-1 -1 -1 -1 -1 -1 -1 -1 -1 -1 -1 -1 -1 -1 -1 -1 -1 -1 0 0 0 0 0 0 0 0 0 0 0 0 0 0 0 0 0 0 0 0 0 0 0 0 0 0
-1 -1 -1 -1 -1 -1 -1 -1 -1 -1 -1 -1 -1 -1 -1 -1 -1 -1 0 0 0 0 0 0 0 0 0 0 0 0 0 0 0 0 0 0 0 0 0 0 0 0 0 0
-1 -1 -1 -1 -1 -1 -1 -1 -1 -1 -1 -1 -1 -1 -1 -1 -1 -1 0 0 0 0 0 0 0 0 0 0 0 0 0 0 0 0 0 0 0 0 0 0 0 0 0 0
-1 -1 -1 -1 -1 -1 -1 -1 -1 -1 -1 -1 -1 -1 -1 -1 -1 -1 0 0 0 0 0 0 0 0.00299 0 0 0 0 0 0 0 0 0 0 0 0 0 0 0 0 0 0
-1 -1 -1 -1 -1 -1 -1 -1 -1 -1 -1 -1 -1 -1 -1 -1 -1 -1 0 0 0 0 0 0 0 0.00299 0 0 0 0 0 0 0 0 0 0 0 0 0 0 0 0 0 0
-1 -1 -1 -1 -1 -1 -1 -1 -1 -1 -1 -1 -1 -1 -1 -1 -1 -1 0 0 0 0 0 0 0 0 0 0 0 0 0 0 0 0 0 0 0 0 0 0 0 0 0 0
-1 -1 -1 -1 -1 -1 -1 -1 -1 -1 -1 -1 -1 -1 -1 -1 -1 -1 0 0 0 0 0 0 0 0 0 0 0 0 0 0 0 0 0 0 0 0 0.00121 0 0 0 0 0
-1 -1 -1 -1 -1 -1 -1 -1 -1 -1 -1 -1 -1 -1 -1 -1 -1 -1 0 0 0 0 0 0 0 0 0 0 0 0 0 0 0 0 0 0 0 0 0.00061 0 0 0 0 0
-1 -1 -1 -1 -1 -1 -1 -1 -1 -1 -1 -1 -1 -1 -1 -1 -1 -1 0 0.00633 0 0 0 0 0 0 0 0 0 0 0 0 0 0 0 0 0 0 0.00067 0 0 0 0 0
-1 -1 -1 -1 -1 -1 -1 -1 -1 -1 -1 -1 -1 -1 -1 -1 -1 -1 0 0 0 0 0 0.02685 0 0 0 0.0017 0 0 0 0 0 0.00089 0.006 0.00199 0 0 0 0 0 0.00045 6e-04 0
-1 -1 -1 -1 -1 -1 -1 -1 -1 -1 -1 -1 -1 -1 -1 -1 -1 -1 0.00944 0.01094 0.01068 0.01443 0.01469 0.07094 0 0.01039 0.01749 0.01286 0.00384 0.00934 0.00694 0.00384 0.00398 0.00702 0.009 0.00308 0.01078 0.0017 0.00772 0.01273 0.00366 9e-04 0.00206 8e-04
-1 -1 -1 -1 -1 -1 -1 -1 -1 -1 -1 -1 -1 -1 -1 -1 -1 -1 0.01567 0.02763 0.09285 0.08124 0.10309 0.01724 0.07637 0.09093 0.08896 0.10031 0.06139 0.05886 0.04098 0.03147 0.06106 0.08254 0.03231 0.01782 0.02051 0.01656 0.03964 0.08988 0.03624 0.02433 0.01748 0.01442
-1 -1 -1 -1 -1 -1 -1 -1 -1 -1 -1 -1 -1 -1 -1 -1 -1 -1 0.05001 0.07409 0.11647 0.15916 0.09862 0.03514 0.13814 0.14733 0.15309 0.13351 0.09778 0.08013 0.05211 0.04103 0.06977 0.062 0.03614 0.03337 0.0313 0.02366 0.04664 0.11185 0.06576 0.04444 0.02742 0.02327
-1 -1 -1 -1 -1 -1 -1 -1 -1 -1 -1 -1 -1 -1 -1 -1 -1 -1 0.02841 0.05572 0.085 0.11844 0.10355 0.04343 0.10797 0.2235 0.13769 0.14512 0.11998 0.07441 0.06536 0.05078 0.07938 0.0956 0.03381 0.07095 0.03125 0.02787 0.0467 0.08604 0.08501 0.07575 0.04185 0.03388
-1 -1 -1 -1 -1 -1 -1 -1 -1 -1 -1 -1 -1 -1 -1 -1 -1 -1 0.02832 0.02857 0.0539 0.10244 0.1026 0.10177 0.12528 0.1596 0.11611 0.12075 0.16394 0.09172 0.08935 0.05668 0.05721 0.08865 0.06791 0.08376 0.04152 0.02758 0.06108 0.08636 0.11961 0.09567 0.05841 0.04833
-1 -1 -1 -1 -1 -1 -1 -1 -1 -1 -1 -1 -1 -1 -1 -1 -1 -1 0.04643 0.0708 0.05055 0.09442 0.06268 0.06929 0.18482 0.09219 0.11478 0.09998 0.13502 0.08953 0.0579 0.07146 0.07084 0.07032 0.0744 0.08491 0.04201 0.03958 0.04395 0.05934 0.09783 0.07865 0.06347 0.05939
-1 -1 -1 -1 -1 -1 -1 -1 -1 -1 -1 -1 -1 -1 -1 -1 -1 -1 0.04516 0.0411 0.04402 0.06199 0.0312 0.03315 0.0813 0.09236 0.10201 0.08843 0.1063 0.08069 0.06324 0.07657 0.05741 0.0688 0.07729 0.0582 0.05632 0.03674 0.04886 0.04784 0.10598 0.10882 0.07712 0.07082
-1 -1 -1 -1 -1 -1 -1 -1 -1 -1 -1 -1 -1 -1 -1 -1 -1 -1 0.03572 0.05124 0.05354 0.0261 0.033 0.03381 0.06542 0.05067 0.05552 0.06032 0.07593 0.07241 0.06293 0.08514 0.05807 0.06847 0.06451 0.06763 0.07834 0.04532 0.04934 0.04025 0.08639 0.09124 0.08718 0.08913
-1 -1 -1 -1 -1 -1 -1 -1 -1 -1 -1 -1 -1 -1 -1 -1 -1 -1 0.06927 0.05866 0.06079 0.03655 0.03115 0.11984 0.03176 0.06099 0.07689 0.08237 0.07363 0.08931 0.07341 0.07364 0.05832 0.04922 0.08573 0.08913 0.04519 0.04338 0.05518 0.03429 0.06799 0.07119 0.09667 0.10726
-1 -1 -1 -1 -1 -1 -1 -1 -1 -1 -1 -1 -1 -1 -1 -1 -1 -1 0.0938 0.05444 0.03604 0.02175 0.0277 0 0.05557 0.02486 0.02263 0.05123 0.05032 0.0799 0.08325 0.07892 0.046 0.06307 0.07933 0.0864 0.06365 0.0544 0.0524 0.03003 0.04235 0.04453 0.09966 0.11844
-1 -1 -1 -1 -1 -1 -1 -1 -1 -1 -1 -1 -1 -1 -1 -1 -1 -1 0.11276 0.06917 0.05951 0.03467 0.03096 0.06697 0 0.01461 0.03169 0.02363 0.0237 0.05806 0.07193 0.06899 0.05248 0.04363 0.07004 0.06451 0.04217 0.05921 0.06049 0.03377 0.04342 0.04291 0.08593 0.10096
-1 -1 -1 -1 -1 -1 -1 -1 -1 -1 -1 -1 -1 -1 -1 -1 -1 -1 0.08918 0.0785 0.04619 0.03643 0.03239 0.03315 0.05748 0.00342 0.01767 0.02982 0.01346 0.04798 0.06584 0.07595 0.07234 0.04631 0.05801 0.06995 0.02362 0.05129 0.07262 0.0305 0.03379 0.03337 0.0603 0.07911
-1 -1 -1 -1 -1 -1 -1 -1 -1 -1 -1 -1 -1 -1 -1 -1 -1 -1 0.09021 0.08599 0.0688 0.02777 0.03909 0.03514 0 0.00342 0.0212 0.01305 0.01377 0.04441 0.0715 0.05085 0.065 0.04371 0.06878 0.04344 0.07066 0.05747 0.06209 0.03616 0.03113 0.03995 0.04276 0.05702
-1 -1 -1 -1 -1 -1 -1 -1 -1 -1 -1 -1 -1 -1 -1 -1 -1 -1 0.04235 0.0851 0.08069 0.03286 0.0393 0.04973 0 0.00692 0.01056 0.01263 0.0112 0.03515 0.05202 0.05713 0.0573 0.05472 0.06273 0.04715 0.04926 0.06019 0.06139 0.03573 0.02912 0.03846 0.04072 0.04241
-1 -1 -1 -1 -1 -1 -1 -1 -1 -1 -1 -1 -1 -1 -1 -1 -1 -1 0.05066 0.02929 0.04343 0.04374 0.04239 0.05039 0 0.00258 0.01053 0.00281 0.0053 0.024 0.03246 0.05377 0.0541 0.03854 0.05344 0.04538 0.07204 0.06708 0.0496 0.04061 0.0335 0.02864 0.03136 0.03047
-1 -1 -1 -1 -1 -1 -1 -1 -1 -1 -1 -1 -1 -1 -1 -1 -1 -1 0.01942 0.01697 0.02514 0.02957 0.03901 0.03713 0.03906 0 0.00703 0.00881 0.00811 0.01911 0.02225 0.03278 0.04389 0.04334 0.02994 0.02578 0.06206 0.07147 0.04472 0.04246 0.02216 0.03334 0.02457 0.02441
-1 -1 -1 -1 -1 -1 -1 -1 -1 -1 -1 -1 -1 -1 -1 -1 -1 -1 0.06059 0.01673 0.01414 0.02345 0.03311 0 0 0.00171 0.00357 0.00421 0.0077 0.01451 0.01622 0.02018 0.0346 0.02669 0.02577 0.03107 0.03815 0.06416 0.03895 0.03651 0.02285 0.03044 0.03063 0.02078
-1 -1 -1 -1 -1 -1 -1 -1 -1 -1 -1 -1 -1 -1 -1 -1 -1 -1 0.01667 0.02435 0.01707 0.01137 0.02919 0.03315 0.01842 0.00171 0.01256 0.00424 0.005 0.01017 0.01465 0.01744 0.0217 0.0148 0.02184 0.02384 0.04968 0.06334 0.04139 0.03499 0.01974 0.02988 0.02448 0.01861
-1 -1 -1 -1 -1 -1 -1 -1 -1 -1 -1 -1 -1 -1 -1 -1 -1 -1 0.01948 0.02433 0.0105 0.01974 0.01843 0.01823 0 0.00171 0 0.0014 0.00616 0.00448 0.01064 0.01272 0.00859 0.00726 0.01836 0.02209 0.0633 0.0586 0.034 0.0318 0.01428 0.02637 0.0206 0.01743
-1 -1 -1 -1 -1 -1 -1 -1 -1 -1 -1 -1 -1 -1 -1 -1 -1 -1 0.0027 0.02013 0.00315 0.01532 0.01409 0.01856 0 0 0 0.0014 0.00633 0.00191 0.01203 0.00798 0.00376 0.00792 0.00756 0.00743 0.03743 0.03769 0.02417 0.02335 0.00989 0.01901 0.02129 0.0161
-1 -1 -1 -1 -1 -1 -1 -1 -1 -1 -1 -1 -1 -1 -1 -1 -1 -1 0.00877 0.021 0.004 0.00533 0.02378 0.03481 0 0 0 0 0.00682 0.00633 0.01145 0.0053 0.00662 0.00389 0.0015 0.00307 0.02115 0.02902 0.01132 0.01954 0.0096 0.01223 0.01429 0.01158
-1 -1 -1 -1 -1 -1 -1 -1 -1 -1 -1 -1 -1 -1 -1 -1 -1 -1 0.00674 0.0208 0.01209 0.00162 0.01209 0 0 0 0 0 0.00259 0.00382 0.0074 0.0056 0.00458 0.0031 0.0015 0.00556 0.0157 0.02055 0.01532 0.01472 0.00744 0.0106 0.01089 0.00549
-1 -1 -1 -1 -1 -1 -1 -1 -1 -1 -1 -1 -1 -1 -1 -1 -1 -1 0.02506 0.00239 0.00305 0.00162 0.01746 0.01658 0 0 0 0 0.00086 0.00101 0.00756 0.00427 0.00366 0.00633 0.003 0.00156 0.00234 0.01597 0.0112 0.01016 0.00411 0.00948 0.00797 0.00495
-1 -1 -1 -1 -1 -1 -1 -1 -1 -1 -1 -1 -1 -1 -1 -1 -1 -1 0.0027 0.00218 0 0 0.00743 0.03647 0.01842 0 0 0 0 0 0.0043 0.00415 0.00458 0.00232 0.00353 0.00165 0.01053 0.01003 0.00683 0.00398 0.00147 0.00353 0.00629 0.00208
-1 -1 -1 -1 -1 -1 -1 -1 -1 -1 -1 -1 -1 -1 -1 -1 -1 -1 0.01079 0.00814 0.00265 0 0.01004 0 0 0 0 0 0.00086 0.00179 0.0016 0.00315 0.002 0.00085 0.00305 0.00334 0.00234 0.00695 0.00257 0.00324 0.00232 0.00353 0.00297 0.00159
-1 -1 -1 -1 -1 -1 -1 -1 -1 -1 -1 -1 -1 -1 -1 -1 -1 -1 0.0027 0.00235 0.00433 0 0 0.01823 0 0.00171 0 0 0 0.00096 0 0.00312 0.00183 0 0.0015 0.00153 0.0117 0.00395 0.00451 0.00281 0.00143 0.00051 0.00139 0.00032
-1 -1 -1 -1 -1 -1 -1 -1 -1 -1 -1 -1 -1 -1 -1 -1 -1 -1 0.0143 0.00435 0.0014 0 0.00099 0 0 0 0 0 0 0 0.00163 0.00274 0 0 0.0015 0.00081 0.00468 0.00309 0.00324 0 0.00059 0.00132 0.00084 0.00033
-1 -1 -1 -1 -1 -1 -1 -1 -1 -1 -1 -1 -1 -1 -1 -1 -1 -1 0.0027 0.00218 0 0 0.00099 0 0 0.00171 0 0 0 0 0.00053 0.00062 0.00092 0 0 0.00307 0.00234 0.00135 0.00063 0.00071 0.00032 0 0.00053 0
-1 -1 -1 -1 -1 -1 -1 -1 -1 -1 -1 -1 -1 -1 -1 -1 -1 -1 0 0.00218 0 0 0 0 0 0.00171 0 0 0 0 0 0.00062 0 0 0 0 0 0.0012 0.00065 0.00035 0.00088 0.00044 0.00027 0.00048
-1 -1 -1 -1 -1 -1 -1 -1 -1 -1 -1 -1 -1 -1 -1 -1 -1 -1 0 0 0 0 0 0 0 0 0 0 0 0 0.00053 0.0019 0 0 0.0015 0 0 0.00043 3e-04 0 0.00059 0 0 0.00016
-1 -1 -1 -1 -1 -1 -1 -1 -1 -1 -1 -1 -1 -1 -1 -1 -1 -1 0 0.00218 0 0 0 0 0 0 0 0 0 0 0 0.00124 0 0 0 0.00077 0 0 0 0 0.00028 0 0 0
-1 -1 -1 -1 -1 -1 -1 -1 -1 -1 -1 -1 -1 -1 -1 -1 -1 -1 0 0 0 0 0 0 0 0 0 0.0014 0 0 0 0 0 0 0 0.00077 0 0 0 0 0 0 0 0
-1 -1 -1 -1 -1 -1 -1 -1 -1 -1 -1 -1 -1 -1 -1 -1 -1 -1 0 0 0 0 0 0 0 0 0 0 0 0 0 0 0 0 0 0 0 0 0 0 0.00028 0 0 0
-1 -1 -1 -1 -1 -1 -1 -1 -1 -1 -1 -1 -1 -1 -1 -1 -1 -1 0 0.00218 0 0 0 0 0 0 0 0 0 0 0 0 0 0 0 0 0 0.00018 0 0 0 0 0 0
-1 -1 -1 -1 -1 -1 -1 -1 -1 -1 -1 -1 -1 -1 -1 -1 -1 -1 0 0 0 0 0 0 0 0 0 0 0 0 0 0 0 0 0 0 0 0 0 0 0 0 0 0
-1 -1 -1 -1 -1 -1 -1 -1 -1 -1 -1 -1 -1 -1 -1 -1 -1 -1 0 0 0 0 0 0 0 0 0 0 0 0 0 0 0 0 0 0 0 0 0 0 0 0 0 0
-1 -1 -1 -1 -1 -1 -1 -1 -1 -1 -1 -1 -1 -1 -1 -1 -1 -1 0 0 0 0 0 0 0 0 0 0 0 0 0 0 0 0 0 0 0 0 0 0 0 0 0 0
-1 -1 -1 -1 -1 -1 -1 -1 -1 -1 -1 -1 -1 -1 -1 -1 -1 -1 0 0 0 0 0 0 0 0 0 0 0 0 0 0 0 0 0 0 0 0 0 0 0 0 0 0
-1 -1 -1 -1 -1 -1 -1 -1 -1 -1 -1 -1 -1 -1 -1 -1 -1 -1 0 0 0 0 0 0 0 0 0 0 0 0 0 0 0 0 0 0 0 0 0 0 0 0 0 0
-1 -1 -1 -1 -1 -1 -1 -1 -1 -1 -1 -1 -1 -1 -1 -1 -1 -1 0 0 0 0 0.00099 0 0 0 0 0 0 0 0 0 0 0 0 0 0 0 0 0 0 0 0 0
-1 -1 -1 -1 -1 -1 -1 -1 -1 -1 -1 -1 -1 -1 -1 -1 -1 -1 0 0 0 0 0 0 0 0 0 0 0 0 0 0 0 0 0 0 0 0 0 0 0 0 0 0
# LL_NAFO4_Obs_f
-1 -1 -1 -1 -1 -1 -1 -1 -1 -1 -1 -1 -1 -1 -1 -1 -1 -1 0 0 -1 0 0 0 0 0 0 0 0 0 0 0 0 0 0 0 0 0 0 0 0 0 0 0
-1 -1 -1 -1 -1 -1 -1 -1 -1 -1 -1 -1 -1 -1 -1 -1 -1 -1 0 0 -1 0 0 0 0 0 0.00065 0 0 0 0 0 0 0 0 0 0 0 0 0 0 0 0 0
-1 -1 -1 -1 -1 -1 -1 -1 -1 -1 -1 -1 -1 -1 -1 -1 -1 -1 0 0 -1 0 0 0 0 0 0.00069 0 0 0 0 0 0 0 0 0 0 0 0 0 0 0 0 0
-1 -1 -1 -1 -1 -1 -1 -1 -1 -1 -1 -1 -1 -1 -1 -1 -1 -1 0 0 -1 0 0 0 0 0 0 0 0 0 0 0 0 0 0 0 0 0 0 0 0 0 0 0
-1 -1 -1 -1 -1 -1 -1 -1 -1 -1 -1 -1 -1 -1 -1 -1 -1 -1 0 0 -1 0 0 0 0 0 0 0 0 0 0 0 0 0 0 0 0 0 0 0 0 0 0 0
-1 -1 -1 -1 -1 -1 -1 -1 -1 -1 -1 -1 -1 -1 -1 -1 -1 -1 0 0 -1 0 0 0 0 0 0 0 0 0 0 0 0 0 0 0 0 0 9e-04 0 0 0 0 0
-1 -1 -1 -1 -1 -1 -1 -1 -1 -1 -1 -1 -1 -1 -1 -1 -1 -1 0 0 -1 0 0 0 0 0 0 0 0 0 0 0 0 0 0 0 0 0 0 0 0 0 0 0.00082
-1 -1 -1 -1 -1 -1 -1 -1 -1 -1 -1 -1 -1 -1 -1 -1 -1 -1 0 0 -1 0 0 0 0 0 0.00202 0 0 0 0 0 0 0 0 0 0 0 0 0 0 0 0 0
-1 -1 -1 -1 -1 -1 -1 -1 -1 -1 -1 -1 -1 -1 -1 -1 -1 -1 0 0 -1 0 0 0 0 0 0 0 0 0 0 0 0 0 0 0 0 0 0 0 0 0 0 0
-1 -1 -1 -1 -1 -1 -1 -1 -1 -1 -1 -1 -1 -1 -1 -1 -1 -1 0.11978 0 -1 0 0 0 0 0 0 0 0 0 0 0 0 0 0 0 0 0 0 0 0 0 0 0
-1 -1 -1 -1 -1 -1 -1 -1 -1 -1 -1 -1 -1 -1 -1 -1 -1 -1 0.11978 0 -1 0 0 0 0 0 0 0 0 0 0 0 0 0 0 0 0 0 0 0.00208 0 0 0.00133 0
-1 -1 -1 -1 -1 -1 -1 -1 -1 -1 -1 -1 -1 -1 -1 -1 -1 -1 0 0 -1 0 0 0 0 0 0 0 0 0 0 0 0.00077 0 0 0 0 0 0 0.00366 0 0 0.00068 0
-1 -1 -1 -1 -1 -1 -1 -1 -1 -1 -1 -1 -1 -1 -1 -1 -1 -1 0 0 -1 0 0 0 0 0 0 0 0.00119 0 0 0 0.00077 0 0 0 0 0 0 0.00815 0 9e-04 0.00211 0
-1 -1 -1 -1 -1 -1 -1 -1 -1 -1 -1 -1 -1 -1 -1 -1 -1 -1 0.08726 0 -1 0.10954 0 0 0 0 0.02654 0.01811 0.01903 0.01145 0.00971 0.00989 0.02735 0.01837 0 0.00863 0.0129 0.02003 0.01592 0.05327 0.02815 0.02094 0.02707 0.00882
-1 -1 -1 -1 -1 -1 -1 -1 -1 -1 -1 -1 -1 -1 -1 -1 -1 -1 0 0 -1 0.10846 0.14918 0 0.12169 0.19579 0.15696 0.10138 0.10499 0.09136 0.05721 0.07857 0.09796 0.06176 0.07487 0.04888 0.09882 0.14046 0.07304 0.183 0.17645 0.12602 0.1852 0.1109
-1 -1 -1 -1 -1 -1 -1 -1 -1 -1 -1 -1 -1 -1 -1 -1 -1 -1 0.01648 0 -1 0 0.12026 0.15267 0.11323 0.12532 0.15057 0.12914 0.11502 0.10268 0.06453 0.09455 0.09717 0.07958 0.08038 0.07751 0.08705 0.08586 0.07043 0.15098 0.16466 0.13791 0.15571 0.12198
-1 -1 -1 -1 -1 -1 -1 -1 -1 -1 -1 -1 -1 -1 -1 -1 -1 -1 0.03016 0.25 -1 0 0.08143 0.15267 0.21164 0.12854 0.13954 0.16099 0.10266 0.10136 0.08541 0.09618 0.08422 0.08229 0.10131 0.07255 0.05697 0.06963 0.0787 0.13039 0.15783 0.13917 0.14209 0.1187
-1 -1 -1 -1 -1 -1 -1 -1 -1 -1 -1 -1 -1 -1 -1 -1 -1 -1 0.03296 0 -1 0.33948 0.17935 0.07634 0.10794 0.22378 0.12214 0.11883 0.10013 0.10046 0.08534 0.07643 0.08608 0.08663 0.0725 0.08 0.10271 0.0795 0.07046 0.10149 0.10937 0.11579 0.10804 0.10155
-1 -1 -1 -1 -1 -1 -1 -1 -1 -1 -1 -1 -1 -1 -1 -1 -1 -1 0.01648 0 -1 0.10846 0.05727 0.03817 0.33968 0.10988 0.09503 0.11618 0.0815 0.05684 0.08104 0.08156 0.06472 0.05531 0.0823 0.07414 0.05493 0.03478 0.05958 0.05386 0.07032 0.0764 0.06627 0.08566
-1 -1 -1 -1 -1 -1 -1 -1 -1 -1 -1 -1 -1 -1 -1 -1 -1 -1 0 0 -1 0 0.07126 0.1145 0 0.10393 0.0604 0.07087 0.06359 0.05063 0.05024 0.04775 0.05364 0.07211 0.05854 0.05176 0.07505 0.0565 0.04535 0.04132 0.06677 0.06907 0.05545 0.06409
-1 -1 -1 -1 -1 -1 -1 -1 -1 -1 -1 -1 -1 -1 -1 -1 -1 -1 0 0 -1 0 0.02409 0 0 0.03604 0.0676 0.06974 0.07128 0.07528 0.05993 0.0675 0.04581 0.05289 0.049 0.0662 0.05969 0.04256 0.04304 0.03333 0.05579 0.0688 0.05693 0.05672
-1 -1 -1 -1 -1 -1 -1 -1 -1 -1 -1 -1 -1 -1 -1 -1 -1 -1 0.08873 0 -1 0 0.1131 0.03817 0 0.04328 0.05694 0.06161 0.07565 0.0463 0.05776 0.05358 0.04076 0.0553 0.07042 0.08894 0.03047 0.0486 0.04075 0.02983 0.03903 0.05032 0.04483 0.05855
-1 -1 -1 -1 -1 -1 -1 -1 -1 -1 -1 -1 -1 -1 -1 -1 -1 -1 0.04194 0 -1 0 0.02001 0.03817 0.10582 0.03346 0.03285 0.04499 0.05501 0.06684 0.07285 0.05164 0.04811 0.06519 0.04066 0.05245 0.04517 0.04643 0.06801 0.01819 0.02829 0.03283 0.04322 0.05359
-1 -1 -1 -1 -1 -1 -1 -1 -1 -1 -1 -1 -1 -1 -1 -1 -1 -1 0.05842 0.25 -1 0 0 0.07634 0 0 0.0251 0.04015 0.0489 0.07493 0.07253 0.05249 0.05869 0.06374 0.06092 0.07026 0.03122 0.05793 0.04759 0.03543 0.02306 0.03595 0.03457 0.039
-1 -1 -1 -1 -1 -1 -1 -1 -1 -1 -1 -1 -1 -1 -1 -1 -1 -1 0.04959 0 -1 0.33406 0.03845 0 0 0 0.01617 0.0254 0.04977 0.0512 0.07925 0.0694 0.05013 0.06554 0.03051 0.0471 0.05825 0.05151 0.05859 0.02694 0.01789 0.02293 0.024 0.03734
-1 -1 -1 -1 -1 -1 -1 -1 -1 -1 -1 -1 -1 -1 -1 -1 -1 -1 0.04665 0.25 -1 0 0.06951 0 0 0 0.01066 0.01831 0.03439 0.05051 0.05664 0.06051 0.06504 0.07508 0.07578 0.04918 0.05667 0.03275 0.05807 0.0239 0.01467 0.0192 0.01346 0.04253
-1 -1 -1 -1 -1 -1 -1 -1 -1 -1 -1 -1 -1 -1 -1 -1 -1 -1 0.09049 0 -1 0 0.00646 0.07634 0 0 0.00687 0.00939 0.01876 0.03381 0.05469 0.04819 0.06049 0.04749 0.0556 0.0453 0.05511 0.04335 0.05405 0.02197 0.01457 0.01891 0.01256 0.02827
-1 -1 -1 -1 -1 -1 -1 -1 -1 -1 -1 -1 -1 -1 -1 -1 -1 -1 0.04665 0 -1 0 0.01267 0.03817 0 0 0.00549 0.00572 0.01958 0.02871 0.02797 0.03479 0.04366 0.0369 0.04805 0.052 0.04416 0.03418 0.0459 0.01883 0.00618 0.0162 0.00535 0.01906
-1 -1 -1 -1 -1 -1 -1 -1 -1 -1 -1 -1 -1 -1 -1 -1 -1 -1 0 0.25 -1 0 0.02509 0 0 0 0.00453 0.00114 0.00887 0.01155 0.02468 0.01667 0.02712 0.03015 0.02882 0.03008 0.04134 0.03256 0.04607 0.02075 0.00846 0.01214 0.00679 0.01457
-1 -1 -1 -1 -1 -1 -1 -1 -1 -1 -1 -1 -1 -1 -1 -1 -1 -1 0.10521 0 -1 0 0.01255 0.03817 0 0 0.00612 0 0.01079 0.00592 0.02195 0.01682 0.01472 0.01331 0.01931 0.01507 0.03829 0.03623 0.03587 0.01234 0.0063 0.0048 0.00266 0.01025
-1 -1 -1 -1 -1 -1 -1 -1 -1 -1 -1 -1 -1 -1 -1 -1 -1 -1 0.01648 0 -1 0 0.01305 0.0458 0 0 0.00373 0.00114 0.00516 0.00685 0.0096 0.01189 0.01106 0.01086 0.01992 0.01805 0.02919 0.02175 0.01972 0.01118 0.00615 0.00992 0.00261 0.00821
-1 -1 -1 -1 -1 -1 -1 -1 -1 -1 -1 -1 -1 -1 -1 -1 -1 -1 0 0 -1 0 0 0 0 0 0.00185 0.00234 0.00417 0.00898 0.00526 0.01011 0.00548 0.00962 0.00754 0.01549 0.01584 0.01246 0.01615 0.00567 0.00183 0.00564 0.00262 0.00404
-1 -1 -1 -1 -1 -1 -1 -1 -1 -1 -1 -1 -1 -1 -1 -1 -1 -1 0.01648 0 -1 0 0 0.07634 0 0 0.00257 0.00229 0.00174 0.0066 0.00507 0.00369 0.00313 0.00358 0.00807 0.01236 0 0.01699 0.01598 0.00542 0.00048 0.00518 0.00259 0.0039
-1 -1 -1 -1 -1 -1 -1 -1 -1 -1 -1 -1 -1 -1 -1 -1 -1 -1 0 0 -1 0 0.00627 0 0 0 0.00248 0 0.00087 0.00833 0.00593 0.00484 0.00228 0.00267 0.00419 0.00301 0.00617 0.00719 0.01623 0.00448 0.00048 0.00611 0.0026 0.00401
-1 -1 -1 -1 -1 -1 -1 -1 -1 -1 -1 -1 -1 -1 -1 -1 -1 -1 0.01648 0 -1 0 0 0 0 0 0.00189 0.00114 0.00284 0.00364 0.00223 0.00566 0.00474 0.00196 0 0.00602 0 0.00182 0.00906 0.00099 0.00048 0.00272 0.00064 0.00179
-1 -1 -1 -1 -1 -1 -1 -1 -1 -1 -1 -1 -1 -1 -1 -1 -1 -1 0 0 -1 0 0 0 0 0 0 0 0.00085 0.00131 0.00291 0.0018 0.00152 0.00293 0 0.00301 0 0.00997 0.00452 0.001 0 0.00044 0.00064 0.00159
-1 -1 -1 -1 -1 -1 -1 -1 -1 -1 -1 -1 -1 -1 -1 -1 -1 -1 0 0 -1 0 0 0.03817 0 0 0 0 0.00119 0.00114 0.00302 0.0028 0 0.00402 0 0.00301 0 0.01155 0.00151 0.00104 0 0.00042 0 0.0025
-1 -1 -1 -1 -1 -1 -1 -1 -1 -1 -1 -1 -1 -1 -1 -1 -1 -1 0 0 -1 0 0 0 0 0 0 0.00114 0 0.0011 0.00142 9e-04 0.00076 0.00079 0.00377 0.00301 0 0.00365 0.00153 0 0.00044 0 0 0
-1 -1 -1 -1 -1 -1 -1 -1 -1 -1 -1 -1 -1 -1 -1 -1 -1 -1 0 0 -1 0 0 0 0 0 0 0 4e-04 0 0.00142 0 0.00076 0.00065 0.00377 0 0 0 0.00147 0 0.00044 0.00085 0 0.00078
-1 -1 -1 -1 -1 -1 -1 -1 -1 -1 -1 -1 -1 -1 -1 -1 -1 -1 0 0 -1 0 0 0 0 0 0.00061 0 0 0.00109 0.00071 0.0018 0.00308 0 0 0.00301 0 0 0.00151 0.00051 0.00051 0 0 0
-1 -1 -1 -1 -1 -1 -1 -1 -1 -1 -1 -1 -1 -1 -1 -1 -1 -1 0 0 -1 0 0 0 0 0 0 0 4e-04 0.00109 0 0 0 0 0 0 0 0 0 0 0.00096 0 0 0.00077
-1 -1 -1 -1 -1 -1 -1 -1 -1 -1 -1 -1 -1 -1 -1 -1 -1 -1 0 0 -1 0 0 0 0 0 0 0 8e-04 0 0.00071 0 0 0.00065 0.00377 0.00301 0 0 0 0 0 0.00044 0 0
-1 -1 -1 -1 -1 -1 -1 -1 -1 -1 -1 -1 -1 -1 -1 -1 -1 -1 0 0 -1 0 0 0 0 0 0 0 0.00047 0 0 0 0 0 0 0 0 0.00172 0 0 0 0 0 0
-1 -1 -1 -1 -1 -1 -1 -1 -1 -1 -1 -1 -1 -1 -1 -1 -1 -1 0 0 -1 0 0 0 0 0 0 0 0 0 0 0 0 0.00065 0 0 0 0 0 0 0.00044 0 0 0
-1 -1 -1 -1 -1 -1 -1 -1 -1 -1 -1 -1 -1 -1 -1 -1 -1 -1 0 0 -1 0 0 0 0 0 0 0 0 0 0 0 0 0 0 0 0 0 0 0 0 0 0 0
-1 -1 -1 -1 -1 -1 -1 -1 -1 -1 -1 -1 -1 -1 -1 -1 -1 -1 0 0 -1 0 0 0 0 0 0 0 0 0 0 0 0 0 0 0 0 0 0 0 0 0 0 0
-1 -1 -1 -1 -1 -1 -1 -1 -1 -1 -1 -1 -1 -1 -1 -1 -1 -1 0 0 -1 0 0 0 0 0 0 0 0 0 0 0 0 0 0 0 0 0 0 0 0 0 0 0
-1 -1 -1 -1 -1 -1 -1 -1 -1 -1 -1 -1 -1 -1 -1 -1 -1 -1 0 0 -1 0 0 0 0 0 0 0 0 0 0 0 0 0 0 0 0 0 0 0 0 0 0 0
-1 -1 -1 -1 -1 -1 -1 -1 -1 -1 -1 -1 -1 -1 -1 -1 -1 -1 0 0 -1 0 0 0 0 0 0 0 0 0 0 0 0 0 0 0 0 0 0 0 0 0 0 0
-1 -1 -1 -1 -1 -1 -1 -1 -1 -1 -1 -1 -1 -1 -1 -1 -1 -1 0 0 -1 0 0 0 0 0 0 0 0 0 0 0 0 0 0 0 0 0 0 0 0 0 0 0
-1 -1 -1 -1 -1 -1 -1 -1 -1 -1 -1 -1 -1 -1 -1 -1 -1 -1 0 0 -1 0 0 0 0 0 0 0 0 0 0 0 0 0 0 0 0 0 0 0 0 0 0 0
-1 -1 -1 -1 -1 -1 -1 -1 -1 -1 -1 -1 -1 -1 -1 -1 -1 -1 0 0 -1 0 0 0 0 0 0 0 0 0 0 0 0 0 0 0 0 0 0 0 0 0 0 0
-1 -1 -1 -1 -1 -1 -1 -1 -1 -1 -1 -1 -1 -1 -1 -1 -1 -1 0 0 -1 0 0 0 0 0 0 0 0 0 0 0 0 0 0 0 0 0 0 0 0 0 0 0
-1 -1 -1 -1 -1 -1 -1 -1 -1 -1 -1 -1 -1 -1 -1 -1 -1 -1 0 0 -1 0 0 0 0 0 0 0 0 0 0 0 0 0 0 0 0 0 0 0 0 0 0 0
# OT_NAFO3_Obs_f
-1 -1 -1 -1 -1 -1 -1 -1 -1 -1 -1 -1 -1 -1 0 0 -1 0 0 0 0 0 0 0 0 -1 -1 -1 -1 -1 -1 0 -1 -1 -1 -1 -1 -1 -1 -1 -1 -1 -1 0
-1 -1 -1 -1 -1 -1 -1 -1 -1 -1 -1 -1 -1 -1 0 0 -1 0 0 0 0 0 0 0 0 -1 -1 -1 -1 -1 -1 0 -1 -1 -1 -1 -1 -1 -1 -1 -1 -1 -1 0
-1 -1 -1 -1 -1 -1 -1 -1 -1 -1 -1 -1 -1 -1 0 0 -1 0 0 0 0 0 0 0 0 -1 -1 -1 -1 -1 -1 0 -1 -1 -1 -1 -1 -1 -1 -1 -1 -1 -1 0
-1 -1 -1 -1 -1 -1 -1 -1 -1 -1 -1 -1 -1 -1 0 0.02042 -1 0 0 0 0 0 0 0 0 -1 -1 -1 -1 -1 -1 0 -1 -1 -1 -1 -1 -1 -1 -1 -1 -1 -1 0
-1 -1 -1 -1 -1 -1 -1 -1 -1 -1 -1 -1 -1 -1 0 0 -1 0 0 0 0 0 0 0 0 -1 -1 -1 -1 -1 -1 0 -1 -1 -1 -1 -1 -1 -1 -1 -1 -1 -1 0
-1 -1 -1 -1 -1 -1 -1 -1 -1 -1 -1 -1 -1 -1 0 0 -1 0 0 0 0 0 0 0 0 -1 -1 -1 -1 -1 -1 0 -1 -1 -1 -1 -1 -1 -1 -1 -1 -1 -1 0
-1 -1 -1 -1 -1 -1 -1 -1 -1 -1 -1 -1 -1 -1 0 0 -1 0 0 0 0 0 0 0 0 -1 -1 -1 -1 -1 -1 0 -1 -1 -1 -1 -1 -1 -1 -1 -1 -1 -1 0
-1 -1 -1 -1 -1 -1 -1 -1 -1 -1 -1 -1 -1 -1 0 0 -1 0 0 0 0 0 0 0 0 -1 -1 -1 -1 -1 -1 0 -1 -1 -1 -1 -1 -1 -1 -1 -1 -1 -1 0
-1 -1 -1 -1 -1 -1 -1 -1 -1 -1 -1 -1 -1 -1 0 0.03403 -1 0 0 0 0 0 0 0.04455 0 -1 -1 -1 -1 -1 -1 0 -1 -1 -1 -1 -1 -1 -1 -1 -1 -1 -1 0
-1 -1 -1 -1 -1 -1 -1 -1 -1 -1 -1 -1 -1 -1 0 0.01701 -1 0 0 0 0 0 0.04433 0 0 -1 -1 -1 -1 -1 -1 0 -1 -1 -1 -1 -1 -1 -1 -1 -1 -1 -1 0
-1 -1 -1 -1 -1 -1 -1 -1 -1 -1 -1 -1 -1 -1 0 0.05104 -1 0 0 0.02846 0 0 0 0.36635 0 -1 -1 -1 -1 -1 -1 0 -1 -1 -1 -1 -1 -1 -1 -1 -1 -1 -1 0
-1 -1 -1 -1 -1 -1 -1 -1 -1 -1 -1 -1 -1 -1 0 0.06805 -1 0 0 0.04602 0 0 0.08865 0.0895 0 -1 -1 -1 -1 -1 -1 0 -1 -1 -1 -1 -1 -1 -1 -1 -1 -1 -1 0
-1 -1 -1 -1 -1 -1 -1 -1 -1 -1 -1 -1 -1 -1 0 0.08506 -1 0 0.05258 0.06148 0.02675 0 0 0 0 -1 -1 -1 -1 -1 -1 0 -1 -1 -1 -1 -1 -1 -1 -1 -1 -1 -1 0
-1 -1 -1 -1 -1 -1 -1 -1 -1 -1 -1 -1 -1 -1 0 0.10208 -1 0.20723 0.05258 0.04602 0.061 0.03859 0.04433 0 0 -1 -1 -1 -1 -1 -1 0 -1 -1 -1 -1 -1 -1 -1 -1 -1 -1 -1 0
-1 -1 -1 -1 -1 -1 -1 -1 -1 -1 -1 -1 -1 -1 0.04145 0.05104 -1 0 0.10515 0.20112 0.02755 0.2359 0.1773 0.03978 0 -1 -1 -1 -1 -1 -1 0 -1 -1 -1 -1 -1 -1 -1 -1 -1 -1 -1 0
-1 -1 -1 -1 -1 -1 -1 -1 -1 -1 -1 -1 -1 -1 0.07687 0.03403 -1 0 0 0.12911 0.34617 0.09394 0.04433 0.13962 0 -1 -1 -1 -1 -1 -1 0 -1 -1 -1 -1 -1 -1 -1 -1 -1 -1 -1 0
-1 -1 -1 -1 -1 -1 -1 -1 -1 -1 -1 -1 -1 -1 0.03542 0.10259 -1 0.1147 0 0.01915 0.12279 0.17723 0.13431 0.07955 0 -1 -1 -1 -1 -1 -1 0 -1 -1 -1 -1 -1 -1 -1 -1 -1 -1 -1 0.08803
-1 -1 -1 -1 -1 -1 -1 -1 -1 -1 -1 -1 -1 -1 0 0.03454 -1 0.41831 0.05258 0.11751 0.10835 0.15802 0.09885 0.09825 0.5 -1 -1 -1 -1 -1 -1 0 -1 -1 -1 -1 -1 -1 -1 -1 -1 -1 -1 0.09067
-1 -1 -1 -1 -1 -1 -1 -1 -1 -1 -1 -1 -1 -1 0.12434 0.03743 -1 0.05735 0 0.05551 0.0733 0.05326 0.13963 0 0 -1 -1 -1 -1 -1 -1 0 -1 -1 -1 -1 -1 -1 -1 -1 -1 -1 -1 0.14349
-1 -1 -1 -1 -1 -1 -1 -1 -1 -1 -1 -1 -1 -1 0.10627 0.05444 -1 0.05735 0 0.04743 0 0.10808 0.04433 0 0 -1 -1 -1 -1 -1 -1 0 -1 -1 -1 -1 -1 -1 -1 -1 -1 -1 -1 0.1404
-1 -1 -1 -1 -1 -1 -1 -1 -1 -1 -1 -1 -1 -1 0 0.01701 -1 0.08771 0 0 0 0 0.05098 0 0 -1 -1 -1 -1 -1 -1 0 -1 -1 -1 -1 -1 -1 -1 -1 -1 -1 -1 0.04401
-1 -1 -1 -1 -1 -1 -1 -1 -1 -1 -1 -1 -1 -1 0.03542 0.02042 -1 0 0.23659 0.02301 0.14714 0.06618 0 0 0 -1 -1 -1 -1 -1 -1 0 -1 -1 -1 -1 -1 -1 -1 -1 -1 -1 -1 0.08979
-1 -1 -1 -1 -1 -1 -1 -1 -1 -1 -1 -1 -1 -1 0 0 -1 0 0 0 0 0.02218 0.04433 0.04296 0 -1 -1 -1 -1 -1 -1 0.33333 -1 -1 -1 -1 -1 -1 -1 -1 -1 -1 -1 0.08979
-1 -1 -1 -1 -1 -1 -1 -1 -1 -1 -1 -1 -1 -1 0 0 -1 0 0.10515 0.07044 0 0.0206 0 0 0 -1 -1 -1 -1 -1 -1 0 -1 -1 -1 -1 -1 -1 -1 -1 -1 -1 -1 0.09067
-1 -1 -1 -1 -1 -1 -1 -1 -1 -1 -1 -1 -1 -1 0 0.01752 -1 0 0.05573 0 0 0 0 0 0.5 -1 -1 -1 -1 -1 -1 0.33333 -1 -1 -1 -1 -1 -1 -1 -1 -1 -1 -1 0
-1 -1 -1 -1 -1 -1 -1 -1 -1 -1 -1 -1 -1 -1 0.04145 0.03454 -1 0 0 0.03531 0 0 0 0 0 -1 -1 -1 -1 -1 -1 0 -1 -1 -1 -1 -1 -1 -1 -1 -1 -1 -1 0.04401
-1 -1 -1 -1 -1 -1 -1 -1 -1 -1 -1 -1 -1 -1 0.08289 0.05784 -1 0.05735 0 0 0.02675 0 0 0.05967 0 -1 -1 -1 -1 -1 -1 0.33333 -1 -1 -1 -1 -1 -1 -1 -1 -1 -1 -1 0
-1 -1 -1 -1 -1 -1 -1 -1 -1 -1 -1 -1 -1 -1 0 0 -1 0 0.05258 0 0.03344 0 0 0 0 -1 -1 -1 -1 -1 -1 0 -1 -1 -1 -1 -1 -1 -1 -1 -1 -1 -1 0.08891
-1 -1 -1 -1 -1 -1 -1 -1 -1 -1 -1 -1 -1 -1 0 0.02042 -1 0 0.12303 0 0.02675 0 0 0 0 -1 -1 -1 -1 -1 -1 0 -1 -1 -1 -1 -1 -1 -1 -1 -1 -1 -1 0
-1 -1 -1 -1 -1 -1 -1 -1 -1 -1 -1 -1 -1 -1 0 0 -1 0 0 0.01757 0 0 0 0 0 -1 -1 -1 -1 -1 -1 0 -1 -1 -1 -1 -1 -1 -1 -1 -1 -1 -1 0
-1 -1 -1 -1 -1 -1 -1 -1 -1 -1 -1 -1 -1 -1 0 0 -1 0 0 0.03162 0 0 0 0 0 -1 -1 -1 -1 -1 -1 0 -1 -1 -1 -1 -1 -1 -1 -1 -1 -1 -1 0.04621
-1 -1 -1 -1 -1 -1 -1 -1 -1 -1 -1 -1 -1 -1 0.04145 0.01701 -1 0 0 0.01757 0 0 0.04433 0 0 -1 -1 -1 -1 -1 -1 0 -1 -1 -1 -1 -1 -1 -1 -1 -1 -1 -1 0
-1 -1 -1 -1 -1 -1 -1 -1 -1 -1 -1 -1 -1 -1 0.04145 0.02042 -1 0 0.05573 0.01757 0 0 0 0 0 -1 -1 -1 -1 -1 -1 0 -1 -1 -1 -1 -1 -1 -1 -1 -1 -1 -1 0
-1 -1 -1 -1 -1 -1 -1 -1 -1 -1 -1 -1 -1 -1 0.04145 0.01701 -1 0 0 0.01757 0 0 0 0 0 -1 -1 -1 -1 -1 -1 0 -1 -1 -1 -1 -1 -1 -1 -1 -1 -1 -1 0
-1 -1 -1 -1 -1 -1 -1 -1 -1 -1 -1 -1 -1 -1 0.08289 0.03403 -1 0 0.10831 0.01757 0 0 0 0 0 -1 -1 -1 -1 -1 -1 0 -1 -1 -1 -1 -1 -1 -1 -1 -1 -1 -1 0.04401
-1 -1 -1 -1 -1 -1 -1 -1 -1 -1 -1 -1 -1 -1 0 0.01752 -1 0 0 0 0 0 0 0 0 -1 -1 -1 -1 -1 -1 0 -1 -1 -1 -1 -1 -1 -1 -1 -1 -1 -1 0
-1 -1 -1 -1 -1 -1 -1 -1 -1 -1 -1 -1 -1 -1 0.04145 0 -1 0 0 0 0 0 0 0 0 -1 -1 -1 -1 -1 -1 0 -1 -1 -1 -1 -1 -1 -1 -1 -1 -1 -1 0
-1 -1 -1 -1 -1 -1 -1 -1 -1 -1 -1 -1 -1 -1 0.04145 0 -1 0 0 0 0 0 0 0 0 -1 -1 -1 -1 -1 -1 0 -1 -1 -1 -1 -1 -1 -1 -1 -1 -1 -1 0
-1 -1 -1 -1 -1 -1 -1 -1 -1 -1 -1 -1 -1 -1 0.04145 0.01701 -1 0 0 0 0 0 0 0 0 -1 -1 -1 -1 -1 -1 0 -1 -1 -1 -1 -1 -1 -1 -1 -1 -1 -1 0
-1 -1 -1 -1 -1 -1 -1 -1 -1 -1 -1 -1 -1 -1 0.08289 0 -1 0 0 0 0 0 0 0.03978 0 -1 -1 -1 -1 -1 -1 0 -1 -1 -1 -1 -1 -1 -1 -1 -1 -1 -1 0
-1 -1 -1 -1 -1 -1 -1 -1 -1 -1 -1 -1 -1 -1 0 0 -1 0 0 0 0 0 0 0 0 -1 -1 -1 -1 -1 -1 0 -1 -1 -1 -1 -1 -1 -1 -1 -1 -1 -1 0
-1 -1 -1 -1 -1 -1 -1 -1 -1 -1 -1 -1 -1 -1 0.04145 0.01752 -1 0 0 0 0 0 0 0 0 -1 -1 -1 -1 -1 -1 0 -1 -1 -1 -1 -1 -1 -1 -1 -1 -1 -1 0
-1 -1 -1 -1 -1 -1 -1 -1 -1 -1 -1 -1 -1 -1 0 0 -1 0 0 0 0 0.02602 0 0 0 -1 -1 -1 -1 -1 -1 0 -1 -1 -1 -1 -1 -1 -1 -1 -1 -1 -1 0
-1 -1 -1 -1 -1 -1 -1 -1 -1 -1 -1 -1 -1 -1 0 0 -1 0 0 0 0 0 0 0 0 -1 -1 -1 -1 -1 -1 0 -1 -1 -1 -1 -1 -1 -1 -1 -1 -1 -1 0
-1 -1 -1 -1 -1 -1 -1 -1 -1 -1 -1 -1 -1 -1 0 0 -1 0 0 0 0 0 0.04433 0 0 -1 -1 -1 -1 -1 -1 0 -1 -1 -1 -1 -1 -1 -1 -1 -1 -1 -1 0
-1 -1 -1 -1 -1 -1 -1 -1 -1 -1 -1 -1 -1 -1 0 0 -1 0 0 0 0 0 0 0 0 -1 -1 -1 -1 -1 -1 0 -1 -1 -1 -1 -1 -1 -1 -1 -1 -1 -1 0
-1 -1 -1 -1 -1 -1 -1 -1 -1 -1 -1 -1 -1 -1 0 0 -1 0 0 0 0 0 0 0 0 -1 -1 -1 -1 -1 -1 0 -1 -1 -1 -1 -1 -1 -1 -1 -1 -1 -1 0
-1 -1 -1 -1 -1 -1 -1 -1 -1 -1 -1 -1 -1 -1 0 0 -1 0 0 0 0 0 0 0 0 -1 -1 -1 -1 -1 -1 0 -1 -1 -1 -1 -1 -1 -1 -1 -1 -1 -1 0
-1 -1 -1 -1 -1 -1 -1 -1 -1 -1 -1 -1 -1 -1 0 0 -1 0 0 0 0 0 0 0 0 -1 -1 -1 -1 -1 -1 0 -1 -1 -1 -1 -1 -1 -1 -1 -1 -1 -1 0
-1 -1 -1 -1 -1 -1 -1 -1 -1 -1 -1 -1 -1 -1 0 0 -1 0 0 0 0 0 0 0 0 -1 -1 -1 -1 -1 -1 0 -1 -1 -1 -1 -1 -1 -1 -1 -1 -1 -1 0
-1 -1 -1 -1 -1 -1 -1 -1 -1 -1 -1 -1 -1 -1 0 0 -1 0 0 0 0 0 0 0 0 -1 -1 -1 -1 -1 -1 0 -1 -1 -1 -1 -1 -1 -1 -1 -1 -1 -1 0
-1 -1 -1 -1 -1 -1 -1 -1 -1 -1 -1 -1 -1 -1 0 0 -1 0 0 0 0 0 0 0 0 -1 -1 -1 -1 -1 -1 0 -1 -1 -1 -1 -1 -1 -1 -1 -1 -1 -1 0
-1 -1 -1 -1 -1 -1 -1 -1 -1 -1 -1 -1 -1 -1 0 0 -1 0 0 0 0 0 0 0 0 -1 -1 -1 -1 -1 -1 0 -1 -1 -1 -1 -1 -1 -1 -1 -1 -1 -1 0
-1 -1 -1 -1 -1 -1 -1 -1 -1 -1 -1 -1 -1 -1 0 0 -1 0 0 0 0 0 0 0 0 -1 -1 -1 -1 -1 -1 0 -1 -1 -1 -1 -1 -1 -1 -1 -1 -1 -1 0
# OT_NAFO4_Obs_f
-1 -1 -1 -1 -1 -1 -1 -1 -1 -1 -1 0 -1 -1 0 -1 0 0 0 0 0 0 0 0 0 0 0 -1 -1 0 0 0 0 0 0 0 0 0 0 0 0 0 0 0
-1 -1 -1 -1 -1 -1 -1 -1 -1 -1 -1 0 -1 -1 0 -1 0 0 0 0 0.63729 0 0 0 0 0 0 -1 -1 0 0 0 0 0 0 0 0 0 0 0 0 0 0 0
-1 -1 -1 -1 -1 -1 -1 -1 -1 -1 -1 0 -1 -1 0 -1 0 0 0 0 0 0 0 0 0 0 0 -1 -1 0 0 0 0 0 0 0 0 0 0 0 0 0 0 0
-1 -1 -1 -1 -1 -1 -1 -1 -1 -1 -1 0 -1 -1 0 -1 0 0 0 0 0 0 0 0 0 0 0 -1 -1 0 0 0 0 0 0 0 0 0 0 0 0 0 0 0
-1 -1 -1 -1 -1 -1 -1 -1 -1 -1 -1 0 -1 -1 0 -1 0 0 0 0 0 0 0 0 0 0 0 -1 -1 0 0 0 0 0 0 0 0 0 0 0 0 0 0 0
-1 -1 -1 -1 -1 -1 -1 -1 -1 -1 -1 0 -1 -1 0 -1 1 0 0 0 0.00229 0.01761 0 0 0 0 0 -1 -1 0 0 0 0 0 0 0 0 0 0 0 0 0 0 0
-1 -1 -1 -1 -1 -1 -1 -1 -1 -1 -1 0.19984 -1 -1 0 -1 0 0.06416 0 0 0.0024 0.07683 0 0 0 0 0 -1 -1 0 0 0 0 0 0 0 0 0 0 0 0 0 0 0
-1 -1 -1 -1 -1 -1 -1 -1 -1 -1 -1 0.09992 -1 -1 0 -1 0 0.06369 0.06798 0.01369 0.00833 0.07131 0 0.01426 0 0 0 -1 -1 0 0 0 0 0 0 0 0 0 0 0 0 0 0 0
-1 -1 -1 -1 -1 -1 -1 -1 -1 -1 -1 0.40049 -1 -1 0 -1 0 0.02376 0.19665 0 0.01166 0.06456 0 0.03038 0.01838 0 0 -1 -1 0 0 0 0 0 0 0 0 0 0 0 0 0 0 0
-1 -1 -1 -1 -1 -1 -1 -1 -1 -1 -1 0 -1 -1 0 -1 0 0.10646 0.0379 0 0.01651 0.03727 0 0.05934 0.05624 0 0 -1 -1 0 0 0 0 0 0 0 0 0 0 0 0 0 0 0
-1 -1 -1 -1 -1 -1 -1 -1 -1 -1 -1 0.19984 -1 -1 0 -1 0 0 0.05753 0.10338 0.02762 0 0 0.09114 0.05716 0 0 -1 -1 0 0 0 0 0 0 0 0 0 0 0 0 0 0 0
-1 -1 -1 -1 -1 -1 -1 -1 -1 -1 -1 0 -1 -1 0 -1 0 0 0.01826 0.076 0.02522 0.02987 0.03368 0.18999 0.11266 0 0 -1 -1 0 0 0 0 0 0 0 0 0 0 0 0 0 0 0
-1 -1 -1 -1 -1 -1 -1 -1 -1 -1 -1 0.09992 -1 -1 0 -1 0 0.1212 0.07503 0 0.00497 0.01866 0.06895 0.05848 0.13233 0 0 -1 -1 0 0 0 0 0 0 0 0 0 0 0 0 0 0 0
-1 -1 -1 -1 -1 -1 -1 -1 -1 -1 -1 0 -1 -1 0 -1 0 0.09791 0.02266 0.03177 0.01253 0.01767 0.05148 0.08672 0.27807 0.17123 0 -1 -1 0 0 0 0.0576 0.13435 0.01082 0 0 0.06325 0 0 0.0222 0 0 0
-1 -1 -1 -1 -1 -1 -1 -1 -1 -1 -1 0 -1 -1 0 -1 0 0.05632 0.0671 0.12625 0.07284 0.09162 0.24341 0.13536 0.08399 0.17123 0.11076 -1 -1 0 0.59084 0.34589 0.0576 0.13435 0.24957 0.21068 0 0 0 0 0.23252 0.36812 0 0.09003
-1 -1 -1 -1 -1 -1 -1 -1 -1 -1 -1 0 -1 -1 0.1 -1 0 0.04848 0.05728 0.08764 0.03609 0.16539 0.03543 0.03252 0.03676 0 0.39557 -1 -1 0 0.15798 0 0.30012 0.13435 0.29273 0.10291 0.4784 0.2445 0.59677 0.25566 0.22375 0 0 0.29283
-1 -1 -1 -1 -1 -1 -1 -1 -1 -1 -1 0 -1 -1 0 -1 0 0.03375 0.01322 0.09749 0.03367 0.13646 0.09215 0.09528 0.03694 0 0.17194 -1 -1 0.45872 0 0 0.0576 0 0.15026 0.19417 0.21296 0.23602 0 0 0.17758 0 0 0
-1 -1 -1 -1 -1 -1 -1 -1 -1 -1 -1 0 -1 -1 0 -1 0 0.02376 0.01259 0.02739 0.03552 0.06286 0.03178 0.03209 0.03676 0 0.15928 -1 -1 0.54128 0 0 0 0.12674 0.11608 0.19417 0 0.05283 0 0 0.11088 0 0 0.08741
-1 -1 -1 -1 -1 -1 -1 -1 -1 -1 -1 0 -1 -1 0.1 -1 0 0 0.02266 0.03149 0.01054 0.00616 0.08786 0.02682 0.03804 0 0.16245 -1 -1 0 0 0.16457 0.0576 0.27503 0.0609 0.1 0 0.199 0 0 0.05549 0 0 0
-1 -1 -1 -1 -1 -1 -1 -1 -1 -1 -1 0 -1 -1 0.1 -1 0 0.12001 0.04847 0.06203 0.02245 0.02712 0.0742 0.01655 0.01838 0 0 -1 -1 0 0.25118 0.20781 0.0576 0.19518 0.02466 0 0 0 0 0.51357 0.07769 0 0 0.08741
-1 -1 -1 -1 -1 -1 -1 -1 -1 -1 -1 0 -1 -1 0.1 -1 0 0 0.03173 0.01917 0.00227 0.00828 0.11837 0.01426 0.02077 0.47603 0 -1 -1 0 0 0 0.11521 0 0.01222 0.19806 0 0 0 0 0.0333 0 0 0
-1 -1 -1 -1 -1 -1 -1 -1 -1 -1 -1 0 -1 -1 0 -1 0 0 0.05325 0.05655 0.00673 0.04191 0.03781 0.04151 0.01838 0.18151 0 -1 -1 0 0 0 0.05818 0 0.01482 0 0 0.04782 0.40323 0 0.0333 0.28986 0 0.08741
-1 -1 -1 -1 -1 -1 -1 -1 -1 -1 -1 0 -1 -1 0.2 -1 0 0.09791 0.04444 0.04437 0.01177 0.02512 0.01891 0.02739 0 0 0 -1 -1 0 0 0.14226 0 0 0 0 0 0.03857 0 0 0.0111 0 0 0.18007
-1 -1 -1 -1 -1 -1 -1 -1 -1 -1 -1 0 -1 -1 0 -1 0 0 0.08536 0.01369 0.0037 0.00775 0 0.01655 0.03676 0 0 -1 -1 0 0 0 0.06567 0 0 0 0 0.04088 0 0 0 0 0 0
-1 -1 -1 -1 -1 -1 -1 -1 -1 -1 -1 0 -1 -1 0.2 -1 0 0.11431 0.01259 0.07107 0.00287 0 0 0 0 0 0 -1 -1 0 0 0 0 0 0.01244 0 0 0 0 0 0.0111 0.34203 0 0
-1 -1 -1 -1 -1 -1 -1 -1 -1 -1 -1 0 -1 -1 0 -1 0 0.02828 0 0.01369 0.00325 0.00587 0 0 0 0 0 -1 -1 0 0 0.13947 0 0 0.04327 0 0 0 0 0.23077 0.0111 0 0 0
-1 -1 -1 -1 -1 -1 -1 -1 -1 -1 -1 0 -1 -1 0.1 -1 0 0 0 0.01465 0 0.01174 0.04242 0 0 0 0 -1 -1 0 0 0 0.0576 0 0 0 0.15432 0.03857 0 0 0 0 0 0
-1 -1 -1 -1 -1 -1 -1 -1 -1 -1 -1 0 -1 -1 0 -1 0 0 0.02216 0.05464 0 0.00605 0 0.01712 0.01838 0 0 -1 -1 0 0 0 0.0576 0 0.01222 0 0 0 0 0 0 0 0 0.08741
-1 -1 -1 -1 -1 -1 -1 -1 -1 -1 -1 0 -1 -1 0 -1 0 0 0.02808 0 0 0 0 0 0 0 0 -1 -1 0 0 0 0.0576 0 0 0 0.15432 0 0 0 0 0 0 0
-1 -1 -1 -1 -1 -1 -1 -1 -1 -1 -1 0 -1 -1 0 -1 0 0 0 0 0.00227 0.01843 0.01589 0 0 0 0 -1 -1 0 0 0 0 0 0 0 0 0 0 0 0 0 1 0
-1 -1 -1 -1 -1 -1 -1 -1 -1 -1 -1 0 -1 -1 0 -1 0 0 0.02505 0 0.00508 0.01761 0 0 0 0 0 -1 -1 0 0 0 0 0 0 0 0 0 0 0 0 0 0 0
-1 -1 -1 -1 -1 -1 -1 -1 -1 -1 -1 0 -1 -1 0 -1 0 0 0 0 0 0.00687 0.01589 0 0 0 0 -1 -1 0 0 0 0 0 0 0 0 0 0 0 0 0 0 0
-1 -1 -1 -1 -1 -1 -1 -1 -1 -1 -1 0 -1 -1 0 -1 0 0 0 0.01369 0 0.00628 0.01589 0 0 0 0 -1 -1 0 0 0 0 0 0 0 0 0.03857 0 0 0 0 0 0
-1 -1 -1 -1 -1 -1 -1 -1 -1 -1 -1 0 -1 -1 0 -1 0 0 0 0 0 0.00587 0 0 0 0 0 -1 -1 0 0 0 0 0 0 0 0 0 0 0 0 0 0 0
-1 -1 -1 -1 -1 -1 -1 -1 -1 -1 -1 0 -1 -1 0.1 -1 0 0 0 0.01397 0 0 0.01589 0 0 0 0 -1 -1 0 0 0 0 0 0 0 0 0 0 0 0 0 0 0
-1 -1 -1 -1 -1 -1 -1 -1 -1 -1 -1 0 -1 -1 0 -1 0 0 0 0 0 0.00587 0 0 0 0 0 -1 -1 0 0 0 0 0 0 0 0 0 0 0 0 0 0 0
-1 -1 -1 -1 -1 -1 -1 -1 -1 -1 -1 0 -1 -1 0 -1 0 0 0 0 0 0 0 0.01426 0 0 0 -1 -1 0 0 0 0 0 0 0 0 0 0 0 0 0 0 0
-1 -1 -1 -1 -1 -1 -1 -1 -1 -1 -1 0 -1 -1 0 -1 0 0 0 0.01369 0.00212 0 0 0 0 0 0 -1 -1 0 0 0 0 0 0 0 0 0 0 0 0 0 0 0.08741
-1 -1 -1 -1 -1 -1 -1 -1 -1 -1 -1 0 -1 -1 0 -1 0 0 0 0 0 0 0 0 0 0 0 -1 -1 0 0 0 0 0 0 0 0 0 0 0 0 0 0 0
-1 -1 -1 -1 -1 -1 -1 -1 -1 -1 -1 0 -1 -1 0 -1 0 0 0 0 0 0 0 0 0 0 0 -1 -1 0 0 0 0 0 0 0 0 0 0 0 0 0 0 0
-1 -1 -1 -1 -1 -1 -1 -1 -1 -1 -1 0 -1 -1 0 -1 0 0 0 0 0 0 0 0 0 0 0 -1 -1 0 0 0 0 0 0 0 0 0 0 0 0 0 0 0
-1 -1 -1 -1 -1 -1 -1 -1 -1 -1 -1 0 -1 -1 0 -1 0 0 0 0 0 0 0 0 0 0 0 -1 -1 0 0 0 0 0 0 0 0 0 0 0 0 0 0 0
-1 -1 -1 -1 -1 -1 -1 -1 -1 -1 -1 0 -1 -1 0 -1 0 0 0 0 0 0 0 0 0 0 0 -1 -1 0 0 0 0 0 0 0 0 0 0 0 0 0 0 0
-1 -1 -1 -1 -1 -1 -1 -1 -1 -1 -1 0 -1 -1 0 -1 0 0 0 0.01369 0 0.00898 0 0 0 0 0 -1 -1 0 0 0 0 0 0 0 0 0 0 0 0 0 0 0
-1 -1 -1 -1 -1 -1 -1 -1 -1 -1 -1 0 -1 -1 0 -1 0 0 0 0 0 0 0 0 0 0 0 -1 -1 0 0 0 0 0 0 0 0 0 0 0 0 0 0 0
-1 -1 -1 -1 -1 -1 -1 -1 -1 -1 -1 0 -1 -1 0 -1 0 0 0 0 0 0 0 0 0 0 0 -1 -1 0 0 0 0 0 0 0 0 0 0 0 0 0 0 0
-1 -1 -1 -1 -1 -1 -1 -1 -1 -1 -1 0 -1 -1 0 -1 0 0 0 0 0 0 0 0 0 0 0 -1 -1 0 0 0 0 0 0 0 0 0 0 0 0 0 0 0
-1 -1 -1 -1 -1 -1 -1 -1 -1 -1 -1 0 -1 -1 0 -1 0 0 0 0 0 0 0 0 0 0 0 -1 -1 0 0 0 0 0 0 0 0 0 0 0 0 0 0 0
-1 -1 -1 -1 -1 -1 -1 -1 -1 -1 -1 0 -1 -1 0 -1 0 0 0 0 0 0 0 0 0 0 0 -1 -1 0 0 0 0 0 0 0 0 0 0 0 0 0 0 0
-1 -1 -1 -1 -1 -1 -1 -1 -1 -1 -1 0 -1 -1 0 -1 0 0 0 0 0 0 0 0 0 0 0 -1 -1 0 0 0 0 0 0 0 0 0 0 0 0 0 0 0
-1 -1 -1 -1 -1 -1 -1 -1 -1 -1 -1 0 -1 -1 0 -1 0 0 0 0 0 0 0 0 0 0 0 -1 -1 0 0 0 0 0 0 0 0 0 0 0 0 0 0 0
-1 -1 -1 -1 -1 -1 -1 -1 -1 -1 -1 0 -1 -1 0 -1 0 0 0 0 0 0 0 0 0 0 0 -1 -1 0 0 0 0 0 0 0 0 0 0 0 0 0 0 0
-1 -1 -1 -1 -1 -1 -1 -1 -1 -1 -1 0 -1 -1 0 -1 0 0 0 0 0 0 0 0 0 0 0 -1 -1 0 0 0 0 0 0 0 0 0 0 0 0 0 0 0
-1 -1 -1 -1 -1 -1 -1 -1 -1 -1 -1 0 -1 -1 0 -1 0 0 0 0 0 0 0 0 0 0 0 -1 -1 0 0 0 0 0 0 0 0 0 0 0 0 0 0 0