# RV_4VWX_c
0.02058 0 0.0643 0 0 0.01351 0.01795 0 0 0 0 0 0.02655 0 0 0 0.00816 0 0.01438 0 0.02778 0.02328 0 0 0.0384 0 0 0.03342 0.00906 0 0 0 0 0 0.02155 0.00985 0.01352 0.01429 0 0.02304 0.02668 0.01697 0 0
0 0.0461 0 0 0 0.05351 0 0.07332 0 0 0 0 0.02431 0 0 0.2216 0.09013 0 0 0 0 0 0 0 0.01665 0 0 0 0.02991 0 0.02291 0.01871 0 0 0 0 0.02309 0 0 0 0 0.0274 0.04426 0.01675
0 0.29965 0.03347 0.08376 0.02001 0.02598 0 0.02291 0 0 0.05852 0 0 0 0 0.07387 0.10703 0 0 0.08134 0.01617 0.02856 0.01257 0 0.08046 0.00705 0 0 0.05854 0.03987 0.05324 0.06211 0 0 0.03045 0.04013 0 0.00476 0.00407 0.00717 0.02319 0.02241 0.01747 0.02519
0.05797 0.11525 0.1876 0.03861 0.11247 0.04908 0.07181 0 0.08568 0 0.13503 0.02313 0 0.0451 0.04545 0.0568 0.06542 0.09405 0.23564 0.11778 0.07267 0.01713 0.05077 0.05406 0.05486 0.03381 0.07784 0.17497 0.18071 0.12162 0.04827 0.08932 0 0.12716 0.11173 0.11029 0.05041 0.04506 0.17406 0.03089 0.09062 0.07928 0.06824 0.07879
0.03739 0.02305 0.06385 0.09824 0.10712 0.1671 0.07232 0.27708 0.09512 0.01014 0.03617 0.00621 0.04193 0.1224 0.01541 0.09031 0.21445 0.09134 0.22912 0.11698 0.19382 0.0957 0 0.02361 0.07689 0.27206 0.06618 0.06974 0.04883 0.03365 0.17686 0.14663 0.04119 0.10389 0.11201 0.15846 0.05947 0.06355 0.04488 0.05893 0.16882 0.1102 0.07744 0.08773
0.24151 0.11406 0.17949 0.18506 0.22218 0.15439 0.1059 0.18815 0.16028 0.1213 0.09416 0.10013 0.04179 0.01172 0.09447 0.02584 0.1245 0.20902 0.06446 0.10725 0.17878 0.11285 0.08433 0.04398 0 0.09486 0.06016 0.09692 0.15979 0.07957 0.04909 0.1396 0.09772 0.13304 0.12826 0.18454 0.15207 0.06936 0.07657 0.17868 0.08264 0.2558 0.06637 0.07983
0.11569 0.02154 0.1168 0.1069 0.16611 0.15183 0.16111 0.11827 0.13322 0.07301 0.05407 0.16132 0.02966 0 0.07494 0 0.09546 0.202 0.19148 0.08882 0.13253 0.10987 0.07195 0.0893 0.10355 0.1496 0.2421 0.1585 0.04575 0.20583 0.05324 0.09633 0.02446 0.13894 0.08203 0.13648 0.05214 0.11829 0.06944 0.11589 0.06125 0.17329 0.18467 0.03707
0.14252 0.08811 0 0.06991 0.09064 0.1593 0.20231 0.14056 0.07786 0.07971 0.07833 0.10322 0.09466 0.06828 0.12951 0.02937 0.12882 0.14247 0.14101 0.09524 0.10176 0.19311 0.1181 0.13869 0.12477 0.1153 0.18003 0.03808 0.05642 0.07241 0.07917 0.0674 0.09071 0.03365 0.10644 0.07848 0.1829 0.10709 0.07949 0.0923 0.09089 0.06825 0.06558 0.08133
0 0.02305 0.03347 0.15689 0.07714 0.0983 0.14208 0.04347 0.08881 0.21007 0.19538 0.08021 0.15709 0.13373 0.09151 0.06348 0.02889 0.05421 0.03035 0.01056 0.03664 0.05964 0.19047 0.05279 0.09855 0.12685 0.06681 0.0479 0.02432 0.13852 0.09142 0.09973 0.05283 0.14723 0.0645 0.06921 0.03462 0.09442 0.0884 0.04961 0.13689 0.05481 0.13071 0.14092
0 0.08545 0 0.08351 0.16038 0.08746 0.02456 0.03943 0.0244 0.13181 0.10459 0.13886 0.02458 0.11555 0 0.08467 0 0.04244 0.02027 0.1489 0.05249 0.20467 0.12273 0.11347 0.13203 0.0266 0.05603 0.05983 0.01515 0.07118 0.04897 0.04258 0.00549 0.04793 0.04499 0.04774 0.1 0.11227 0.09971 0.01684 0.05126 0.04118 0.07997 0.08496
0.12162 0.07115 0.05159 0 0 0.02396 0.01423 0.01961 0.03288 0.11095 0.08871 0.10608 0.05996 0.12263 0 0.06205 0.00816 0.08907 0.03041 0.0625 0.05485 0.02604 0.15704 0.03848 0.06585 0.0429 0 0.01695 0.02093 0 0.19914 0.07299 0.11479 0.02821 0.06545 0.02255 0.03602 0.08813 0.11521 0.06837 0.06305 0.00826 0.05797 0.05605
0.13144 0.0562 0.03347 0.04194 0 0.01557 0.105 0.01154 0.04349 0.11856 0.0359 0.11344 0.11923 0 0.19147 0.14292 0 0 0 0.01316 0.03871 0.08439 0.07088 0.23271 0.03813 0.02426 0.0484 0.06208 0.04187 0.11754 0 0.01821 0.17372 0.06699 0.02874 0.02329 0.08183 0.09882 0.06925 0.06556 0.04963 0.03636 0.06415 0.04899
0 0.01974 0.04467 0.08094 0.02592 0 0.03826 0.01467 0.0045 0.03784 0.0536 0.06189 0.07469 0.08037 0.07429 0.04396 0.01423 0 0.00547 0.05978 0.03916 0 0.02743 0.04605 0.04993 0.01799 0.02638 0.06552 0.07373 0.02401 0.02618 0.07055 0.09372 0.07684 0.04255 0.02992 0.05252 0.04157 0.02974 0.03916 0.04914 0.03664 0.02822 0.06565
0 0 0.11976 0.03128 0 0 0.01445 0.00405 0.07039 0.0464 0.02545 0 0.09619 0.0943 0.07535 0.04396 0.01215 0.0754 0.01828 0.04871 0.03761 0.02465 0 0.05609 0.04764 0.01094 0.06433 0.04563 0.08861 0.03665 0.0638 0.04881 0.05288 0.02093 0.08739 0 0.02087 0.04987 0.03839 0.08327 0.03741 0.0265 0.03698 0.02598
0 0.03664 0 0.01149 0.01801 0 0 0.01467 0.09641 0.00884 0 0 0.01105 0.07054 0.02432 0 0 0 0 0 0.01702 0.0201 0.04346 0.06874 0.01578 0.01463 0.08241 0.05282 0.02817 0.0418 0.02668 0 0.09071 0.01242 0.04934 0.0033 0.02806 0.01509 0.03991 0.12455 0 0.00257 0.03252 0.04741
0 0 0 0.01149 0 0 0 0 0.06929 0.03225 0.02233 0 0.0478 0.01592 0.03346 0.01706 0.04301 0 0 0.01056 0 0 0.02473 0 0.01906 0 0.02932 0.02414 0.05776 0 0.01191 0.00939 0.0201 0.0247 0 0.02482 0.02635 0 0.02961 0.01383 0 0.00645 0 0.0312
0 0 0.04064 0 0 0 0.03002 0.01823 0 0.0116 0.00313 0.02288 0 0 0.04751 0 0.02324 0 0 0.03842 0 0 0 0.0293 0.02125 0.03889 0 0.02414 0.02612 0 0.02618 0.01765 0.05471 0.01652 0 0.0137 0.03206 0 0.00407 0 0.00879 0.01278 0.00723 0.03661
0 0 0.03087 0 0 0 0 0 0 0 0.00519 0 0.07612 0 0 0 0.03638 0 0.01912 0 0 0 0 0 0 0 0 0 0 0 0 0 0 0 0 0 0 0.05318 0.00857 0.01524 0.03411 0.0072 0.00632 0
0.09474 0 0 0 0 0 0 0 0 0 0 0 0.02431 0 0.04163 0.0441 0 0 0 0 0 0 0 0 0 0 0 0.02933 0.03434 0 0.02291 0 0 0.02154 0.02457 0.01508 0.0183 0.01696 0.0286 0 0.00764 0.00463 0 0.03806
0 0 0 0 0 0 0 0 0 0 0 0.01032 0.0212 0.0288 0 0 0 0 0 0 0 0 0 0 0 0 0 0 0 0 0 0 0 0 0 0 0 0 0 0 0.00233 0.00384 0.00568 0.01046
0.03653 0 0 0 0 0 0 0.01405 0 0 0.00944 0.02491 0 0.02947 0.01396 0 0 0 0 0 0 0 0 0 0.01621 0 0 0 0 0 0 0 0 0 0 0 0 0 0 0.00748 0.01324 0.00518 0.02054 0
0 0 0 0 0 0 0 0 0.01766 0 0 0.01445 0 0 0 0 0 0 0 0 0 0 0 0 0 0 0 0 0 0.01734 0 0 0 0 0 0 0 0 0 0 0.00241 0 0 0
0 0 0 0 0 0 0 0 0 0.00752 0 0 0 0 0 0 0 0 0 0 0 0 0 0 0 0 0 0 0 0 0 0 0.03386 0 0 0 0 0 0 0 0 0 0 0
0 0 0 0 0 0 0 0 0 0 0 0 0 0 0 0 0 0 0 0 0 0 0 0 0 0 0 0 0 0 0 0 0 0 0 0.00744 0 0 0 0 0 0 0 0.00703
0 0 0 0 0 0 0 0 0 0 0 0 0.01444 0 0 0 0 0 0 0 0 0 0 0 0 0 0 0 0 0 0 0 0 0 0 0.00965 0.01881 0 0 0 0 0 0.00568 0
0 0 0 0 0 0 0 0 0 0 0 0 0.01444 0.0612 0.04672 0 0 0 0 0 0 0 0 0 0 0.02426 0 0 0 0 0 0 0.03302 0 0 0 0 0 0 0 0 0 0 0
0 0 0 0 0 0 0 0 0 0 0 0 0 0 0 0 0 0 0 0 0 0 0 0 0 0 0 0 0 0 0 0 0.0201 0 0 0 0 0 0 0 0 0 0 0
0 0 0 0 0 0 0 0 0 0 0 0 0 0 0 0 0 0 0 0 0 0 0 0.01274 0 0 0 0 0 0 0 0 0 0 0 0 0.01698 0 0 0 0 0 0 0
0 0 0 0 0 0 0 0 0 0 0 0.03295 0 0 0 0 0 0 0 0 0 0 0 0 0 0 0 0 0 0 0 0 0 0 0 0 0 0.00727 0 0 0 0 0 0
0 0 0 0 0 0 0 0 0 0 0 0 0 0 0 0 0 0 0 0 0 0 0 0 0 0 0 0 0 0 0 0 0 0 0 0.01508 0 0 0 0 0 0 0 0
0 0 0 0 0 0 0 0 0 0 0 0 0 0 0 0 0 0 0 0 0 0 0.02555 0 0 0 0 0 0 0 0 0 0 0 0 0 0 0 0 0 0 0 0 0
0 0 0 0 0 0 0 0 0 0 0 0 0 0 0 0 0 0 0 0 0 0 0 0 0 0 0 0 0 0 0 0 0 0 0 0 0 0 0 0 0 0 0 0
0 0 0 0 0 0 0 0 0 0 0 0 0 0 0 0 0 0 0 0 0 0 0 0 0 0 0 0 0 0 0 0 0 0 0 0 0 0 0 0 0 0 0 0
0 0 0 0 0 0 0 0 0 0 0 0 0 0 0 0 0 0 0 0 0 0 0 0 0 0 0 0 0 0 0 0 0 0 0 0 0 0 0 0.00919 0 0 0 0
0 0 0 0 0 0 0 0 0 0 0 0 0 0 0 0 0 0 0 0 0 0 0 0 0 0 0 0 0 0 0 0 0 0 0 0 0 0 0 0 0 0 0 0

# HS_c
-1 -1 -1 -1 -1 -1 -1 -1 -1 -1 -1 -1 -1 -1 -1 -1 -1 -1 -1 -1 -1 -1 -1 -1 -1 -1 -1 -1 0 0 0 0 0 0 0 0 0 0 0 0 0 0 0 0
-1 -1 -1 -1 -1 -1 -1 -1 -1 -1 -1 -1 -1 -1 -1 -1 -1 -1 -1 -1 -1 -1 -1 -1 -1 -1 -1 -1 0 0 0 0 0 0.0019 0 0.00144 0 0 0 0 0 0 0 0.00091
-1 -1 -1 -1 -1 -1 -1 -1 -1 -1 -1 -1 -1 -1 -1 -1 -1 -1 -1 -1 -1 -1 -1 -1 -1 -1 -1 -1 0 0.0051 0 0 0 0.00762 0 0 0 0 0 0.00064 0.00062 0.00049 0 0.00091
-1 -1 -1 -1 -1 -1 -1 -1 -1 -1 -1 -1 -1 -1 -1 -1 -1 -1 -1 -1 -1 -1 -1 -1 -1 -1 -1 -1 0 0.0017 0.00494 0 0.00144 0 0 0.00431 0 0.00525 0.00343 0.00064 0.00431 0 0.00871 0.00365
-1 -1 -1 -1 -1 -1 -1 -1 -1 -1 -1 -1 -1 -1 -1 -1 -1 -1 -1 -1 -1 -1 -1 -1 -1 -1 -1 -1 0.00399 0.0051 0.00247 0.00499 0.00432 0.0019 0 0.01149 0.01027 0.00944 0.00943 0.00385 0.00555 0.00245 0.01639 0.00822
-1 -1 -1 -1 -1 -1 -1 -1 -1 -1 -1 -1 -1 -1 -1 -1 -1 -1 -1 -1 -1 -1 -1 -1 -1 -1 -1 -1 0.00599 0.0085 0.01852 0.00125 0.00576 0.01333 0 0.0158 0.02568 0.02204 0.02656 0.00962 0.01787 0.01028 0.01486 0.0137
-1 -1 -1 -1 -1 -1 -1 -1 -1 -1 -1 -1 -1 -1 -1 -1 -1 -1 -1 -1 -1 -1 -1 -1 -1 -1 -1 -1 0.01397 0.02551 0.03086 0.02247 0.00863 0.00571 0 0.03879 0.03938 0.01994 0.04027 0.02245 0.02834 0.02496 0.03227 0.03243
-1 -1 -1 -1 -1 -1 -1 -1 -1 -1 -1 -1 -1 -1 -1 -1 -1 -1 -1 -1 -1 -1 -1 -1 -1 -1 -1 -1 0.01996 0.03231 0.03951 0.05618 0.02014 0.03238 0.01284 0.04598 0.07705 0.05142 0.05741 0.04875 0.03512 0.04993 0.06609 0.07629
-1 -1 -1 -1 -1 -1 -1 -1 -1 -1 -1 -1 -1 -1 -1 -1 -1 -1 -1 -1 -1 -1 -1 -1 -1 -1 -1 -1 0.0499 0.04252 0.05802 0.09114 0.04748 0.06476 0.04815 0.06178 0.06678 0.0703 0.05227 0.10263 0.08318 0.08321 0.06096 0.10096
-1 -1 -1 -1 -1 -1 -1 -1 -1 -1 -1 -1 -1 -1 -1 -1 -1 -1 -1 -1 -1 -1 -1 -1 -1 -1 -1 -1 0.08782 0.09184 0.09136 0.11985 0.09065 0.10857 0.05457 0.09052 0.11815 0.08604 0.09426 0.127 0.10105 0.12139 0.08453 0.1005
-1 -1 -1 -1 -1 -1 -1 -1 -1 -1 -1 -1 -1 -1 -1 -1 -1 -1 -1 -1 -1 -1 -1 -1 -1 -1 -1 -1 0.15768 0.14456 0.07407 0.14981 0.14964 0.11619 0.06581 0.10632 0.12671 0.0808 0.0994 0.14368 0.13001 0.14391 0.13268 0.14253
-1 -1 -1 -1 -1 -1 -1 -1 -1 -1 -1 -1 -1 -1 -1 -1 -1 -1 -1 -1 -1 -1 -1 -1 -1 -1 -1 -1 0.14371 0.13776 0.10247 0.12609 0.15252 0.13905 0.11236 0.11063 0.09418 0.09759 0.11911 0.11867 0.11091 0.11747 0.13064 0.12426
-1 -1 -1 -1 -1 -1 -1 -1 -1 -1 -1 -1 -1 -1 -1 -1 -1 -1 -1 -1 -1 -1 -1 -1 -1 -1 -1 -1 0.12974 0.09694 0.11975 0.08614 0.12806 0.0819 0.12199 0.09195 0.09075 0.11228 0.10711 0.10199 0.11768 0.09594 0.1127 0.08817
-1 -1 -1 -1 -1 -1 -1 -1 -1 -1 -1 -1 -1 -1 -1 -1 -1 -1 -1 -1 -1 -1 -1 -1 -1 -1 -1 -1 0.06387 0.06633 0.1037 0.07865 0.09209 0.08762 0.08828 0.06322 0.06507 0.08814 0.08569 0.0898 0.0992 0.06706 0.08607 0.06213
-1 -1 -1 -1 -1 -1 -1 -1 -1 -1 -1 -1 -1 -1 -1 -1 -1 -1 -1 -1 -1 -1 -1 -1 -1 -1 -1 -1 0.0499 0.06293 0.06173 0.04869 0.05612 0.0381 0.08989 0.06753 0.05479 0.0703 0.05656 0.05003 0.05545 0.04405 0.04201 0.04111
-1 -1 -1 -1 -1 -1 -1 -1 -1 -1 -1 -1 -1 -1 -1 -1 -1 -1 -1 -1 -1 -1 -1 -1 -1 -1 -1 -1 0.0499 0.04592 0.04568 0.03496 0.04317 0.04 0.05457 0.05172 0.03596 0.05037 0.04627 0.03977 0.04868 0.04307 0.04355 0.04111
-1 -1 -1 -1 -1 -1 -1 -1 -1 -1 -1 -1 -1 -1 -1 -1 -1 -1 -1 -1 -1 -1 -1 -1 -1 -1 -1 -1 0.04591 0.04082 0.04198 0.02122 0.02734 0.0381 0.04334 0.05316 0.02568 0.03778 0.03256 0.02566 0.03697 0.04112 0.03484 0.03381
-1 -1 -1 -1 -1 -1 -1 -1 -1 -1 -1 -1 -1 -1 -1 -1 -1 -1 -1 -1 -1 -1 -1 -1 -1 -1 -1 -1 0.02794 0.02721 0.04568 0.03371 0.03597 0.0381 0.06902 0.0431 0.03767 0.03778 0.03256 0.02566 0.0345 0.03671 0.03023 0.02787
-1 -1 -1 -1 -1 -1 -1 -1 -1 -1 -1 -1 -1 -1 -1 -1 -1 -1 -1 -1 -1 -1 -1 -1 -1 -1 -1 -1 0.04591 0.04762 0.02099 0.02247 0.02734 0.03429 0.03692 0.03305 0.03425 0.03778 0.02314 0.01604 0.02465 0.02594 0.02613 0.0265
-1 -1 -1 -1 -1 -1 -1 -1 -1 -1 -1 -1 -1 -1 -1 -1 -1 -1 -1 -1 -1 -1 -1 -1 -1 -1 -1 -1 0.01597 0.03061 0.02469 0.02247 0.0259 0.03429 0.02729 0.01724 0.01884 0.02413 0.02228 0.01732 0.01848 0.02545 0.02613 0.01782
-1 -1 -1 -1 -1 -1 -1 -1 -1 -1 -1 -1 -1 -1 -1 -1 -1 -1 -1 -1 -1 -1 -1 -1 -1 -1 -1 -1 0.03393 0.02891 0.02593 0.01623 0.01727 0.02476 0.03371 0.01868 0.01712 0.02518 0.01971 0.01026 0.01171 0.01371 0.01434 0.01416
-1 -1 -1 -1 -1 -1 -1 -1 -1 -1 -1 -1 -1 -1 -1 -1 -1 -1 -1 -1 -1 -1 -1 -1 -1 -1 -1 -1 0.00399 0.01701 0.02346 0.01373 0.01007 0.01524 0.0321 0.01724 0.0137 0.01469 0.01457 0.00962 0.00739 0.01028 0.00922 0.01142
-1 -1 -1 -1 -1 -1 -1 -1 -1 -1 -1 -1 -1 -1 -1 -1 -1 -1 -1 -1 -1 -1 -1 -1 -1 -1 -1 -1 0.00998 0.0102 0.01605 0.01623 0.01439 0.02095 0.03371 0.01724 0.00342 0.01469 0.02057 0.01219 0.00493 0.00832 0.00461 0.00731
-1 -1 -1 -1 -1 -1 -1 -1 -1 -1 -1 -1 -1 -1 -1 -1 -1 -1 -1 -1 -1 -1 -1 -1 -1 -1 -1 -1 0.01597 0.01361 0.01605 0.01498 0.01439 0.01143 0.00963 0.00575 0.01541 0.00944 0.00857 0.00641 0.00678 0.00489 0.00512 0.00685
-1 -1 -1 -1 -1 -1 -1 -1 -1 -1 -1 -1 -1 -1 -1 -1 -1 -1 -1 -1 -1 -1 -1 -1 -1 -1 -1 -1 0 0.0068 0.01111 0.00499 0.00863 0.01714 0.02247 0.00718 0.01199 0.01049 0.00771 0.00641 0.00555 0.00832 0.00512 0.00411
-1 -1 -1 -1 -1 -1 -1 -1 -1 -1 -1 -1 -1 -1 -1 -1 -1 -1 -1 -1 -1 -1 -1 -1 -1 -1 -1 -1 0 0.0051 0.0037 0.00749 0.00576 0.01143 0.01284 0.00718 0.00685 0.00735 0.00343 0.00513 0.00246 0.00392 0.00205 0.00274
-1 -1 -1 -1 -1 -1 -1 -1 -1 -1 -1 -1 -1 -1 -1 -1 -1 -1 -1 -1 -1 -1 -1 -1 -1 -1 -1 -1 0.002 0 0.00617 0.00125 0.00576 0.00762 0.00963 0.01149 0.00171 0.0042 0.00514 0.00128 0.00185 0.00294 0.00205 0.00457
-1 -1 -1 -1 -1 -1 -1 -1 -1 -1 -1 -1 -1 -1 -1 -1 -1 -1 -1 -1 -1 -1 -1 -1 -1 -1 -1 -1 0.002 0 0.00123 0.00125 0.00288 0.00571 0.00963 0.00144 0.00171 0.00315 0.00343 0.00128 0.00246 0.00489 0.00154 0.00137
-1 -1 -1 -1 -1 -1 -1 -1 -1 -1 -1 -1 -1 -1 -1 -1 -1 -1 -1 -1 -1 -1 -1 -1 -1 -1 -1 -1 0.00599 0 0.00123 0.00125 0.00288 0.0019 0.00482 0.00287 0.00342 0.0063 0.00343 0.00064 0.00123 0.00392 0.00154 0.00046
-1 -1 -1 -1 -1 -1 -1 -1 -1 -1 -1 -1 -1 -1 -1 -1 -1 -1 -1 -1 -1 -1 -1 -1 -1 -1 -1 -1 0.002 0 0 0 0 0 0.00321 0.00144 0 0.0021 0.00171 0 0.00062 0.00294 0.00102 0.00046
-1 -1 -1 -1 -1 -1 -1 -1 -1 -1 -1 -1 -1 -1 -1 -1 -1 -1 -1 -1 -1 -1 -1 -1 -1 -1 -1 -1 0.00399 0 0.00247 0.00125 0 0 0.00321 0 0.00171 0 0.00171 0.00128 0.00185 0.00098 0.00256 0.00274
-1 -1 -1 -1 -1 -1 -1 -1 -1 -1 -1 -1 -1 -1 -1 -1 -1 -1 -1 -1 -1 -1 -1 -1 -1 -1 -1 -1 0.00599 0 0.00123 0 0.00144 0 0 0 0 0 0 0 0.00062 0.00147 0.00154 0.00046
-1 -1 -1 -1 -1 -1 -1 -1 -1 -1 -1 -1 -1 -1 -1 -1 -1 -1 -1 -1 -1 -1 -1 -1 -1 -1 -1 -1 0 0 0.00123 0.00125 0 0 0 0.00144 0.00171 0.00105 0.00086 0 0 0 0 0.00046
-1 -1 -1 -1 -1 -1 -1 -1 -1 -1 -1 -1 -1 -1 -1 -1 -1 -1 -1 -1 -1 -1 -1 -1 -1 -1 -1 -1 0 0.0034 0.00123 0 0 0 0 0 0 0 0 0 0 0 0 0
-1 -1 -1 -1 -1 -1 -1 -1 -1 -1 -1 -1 -1 -1 -1 -1 -1 -1 -1 -1 -1 -1 -1 -1 -1 -1 -1 -1 0 0.0017 0 0 0 0 0 0 0 0 0 0 0 0 0 0
-1 -1 -1 -1 -1 -1 -1 -1 -1 -1 -1 -1 -1 -1 -1 -1 -1 -1 -1 -1 -1 -1 -1 -1 -1 -1 -1 -1 0.002 0 0.00247 0 0 0 0 0 0 0 0.00086 0.00064 0 0 0.00051 0
-1 -1 -1 -1 -1 -1 -1 -1 -1 -1 -1 -1 -1 -1 -1 -1 -1 -1 -1 -1 -1 -1 -1 -1 -1 -1 -1 -1 0 0 0 0 0 0 0 0 0 0 0 0.00064 0 0 0 0
-1 -1 -1 -1 -1 -1 -1 -1 -1 -1 -1 -1 -1 -1 -1 -1 -1 -1 -1 -1 -1 -1 -1 -1 -1 -1 -1 -1 0 0 0 0 0 0 0 0 0 0 0 0 0 0 0 0

# LL_NAFO3_Obs_c
-1 -1 -1 -1 -1 -1 -1 -1 -1 -1 -1 -1 -1 -1 -1 -1 -1 -1 0 0 0 0 0.00042 0 0 0 0.00179 0 0 0 0 0 0 0 0 0 0 0 0 0 0 0 0 0
-1 -1 -1 -1 -1 -1 -1 -1 -1 -1 -1 -1 -1 -1 -1 -1 -1 -1 0 0 0 0 0 0 0 0 0 0 0 0 0 0 0 0 0 0 0 0 0 0 0 0 0 0
-1 -1 -1 -1 -1 -1 -1 -1 -1 -1 -1 -1 -1 -1 -1 -1 -1 -1 0 0 0 0 0 0 0 0 0 0 0 0 0 0 0 0 0 0 0 0 0 0 0 0 0 0
-1 -1 -1 -1 -1 -1 -1 -1 -1 -1 -1 -1 -1 -1 -1 -1 -1 -1 0 0 0 0 0 0 0 0 0 0 0 0 0 0 0 0 0 0 0 0 0 0 0 0 0 0
-1 -1 -1 -1 -1 -1 -1 -1 -1 -1 -1 -1 -1 -1 -1 -1 -1 -1 0 0 0 0 0 0 0 0 0 0 0 0 0 0 0 0 0 0 0 0 0 0 0 0 0 0
-1 -1 -1 -1 -1 -1 -1 -1 -1 -1 -1 -1 -1 -1 -1 -1 -1 -1 0 0 0 0 0 0 0 0 0 0 0 0 0 0 0 0 0 0 0 0 0 0 0 0 0 0
-1 -1 -1 -1 -1 -1 -1 -1 -1 -1 -1 -1 -1 -1 -1 -1 -1 -1 0 0 0 0 0 0 0 0.00088 0 0 0.00404 0 0 0 0 0 0 0 0 0 0.00028 0 0 0 0 0
-1 -1 -1 -1 -1 -1 -1 -1 -1 -1 -1 -1 -1 -1 -1 -1 -1 -1 0 0 0 0 0 0 0 0.00088 0 0 0 0 0 0 0 0 0 0 0 0 0 0 0 0 0 0
-1 -1 -1 -1 -1 -1 -1 -1 -1 -1 -1 -1 -1 -1 -1 -1 -1 -1 0 0 0 0 0 0 0 0 0 0 0 0.00046 0 0 0 0 0 0 0 0.00011 0.00016 0.00019 0 0 0 0
-1 -1 -1 -1 -1 -1 -1 -1 -1 -1 -1 -1 -1 -1 -1 -1 -1 -1 0.00129 0 0 0 0 0.00845 0 0 0 0 0.00043 0.00136 0 0 0.00083 0 0.00056 0.00045 0 0.00055 0.00132 0.00076 0 0 0 0
-1 -1 -1 -1 -1 -1 -1 -1 -1 -1 -1 -1 -1 -1 -1 -1 -1 -1 0.00129 0 0 0.0013 0.001 0.01629 0.00304 0.00151 0.00135 0 0.00042 0.00091 0.00136 0.00058 0.00044 0.00068 0.00282 0.00136 0.00391 0.00134 0.00242 0.00362 0.00018 0.00038 0.00163 0.00023
-1 -1 -1 -1 -1 -1 -1 -1 -1 -1 -1 -1 -1 -1 -1 -1 -1 -1 0 0.00328 0.0033 0.00551 0.0025 0.02223 0.00322 0.00727 0.00079 0.00045 0.00085 0.01227 0.0017 0.00421 0.00166 0.00421 0.00282 0.00637 0.00317 0.00438 0.00753 0.01461 0.00138 0.00231 0.00443 0.00124
-1 -1 -1 -1 -1 -1 -1 -1 -1 -1 -1 -1 -1 -1 -1 -1 -1 -1 0.00224 0 0.01725 0.02574 0.06269 0.05403 0.01235 0.01906 0.0079 0.00367 0.01879 0.01876 0.00653 0.0104 0.02752 0.03322 0.02616 0.00981 0.01384 0.01182 0.02929 0.03202 0.00626 0.00817 0.01165 0.00301
-1 -1 -1 -1 -1 -1 -1 -1 -1 -1 -1 -1 -1 -1 -1 -1 -1 -1 0.01784 0.00679 0.04714 0.05261 0.10199 0.09613 0.03769 0.08502 0.03047 0.02682 0.08146 0.04018 0.02616 0.0425 0.05711 0.07585 0.04688 0.03186 0.03877 0.0274 0.05942 0.05919 0.029 0.02962 0.02447 0.00908
-1 -1 -1 -1 -1 -1 -1 -1 -1 -1 -1 -1 -1 -1 -1 -1 -1 -1 0.02557 0.01895 0.10219 0.09411 0.10203 0.13213 0.14958 0.13137 0.12755 0.12443 0.10763 0.09684 0.07554 0.07489 0.10699 0.12084 0.09627 0.05671 0.06215 0.04112 0.08721 0.12776 0.08807 0.07698 0.06344 0.03068
-1 -1 -1 -1 -1 -1 -1 -1 -1 -1 -1 -1 -1 -1 -1 -1 -1 -1 0.06761 0.06837 0.10346 0.13765 0.11234 0.13655 0.19131 0.16067 0.15162 0.15125 0.13022 0.09905 0.08229 0.09158 0.09899 0.11044 0.09905 0.08673 0.11237 0.05566 0.09149 0.13192 0.11056 0.11897 0.08047 0.05174
-1 -1 -1 -1 -1 -1 -1 -1 -1 -1 -1 -1 -1 -1 -1 -1 -1 -1 0.05536 0.06496 0.1242 0.11581 0.10371 0.07761 0.15618 0.15436 0.15205 0.15788 0.13072 0.10679 0.08385 0.09062 0.09847 0.1161 0.09828 0.1088 0.10795 0.06049 0.08793 0.09892 0.12468 0.13277 0.09628 0.06519
-1 -1 -1 -1 -1 -1 -1 -1 -1 -1 -1 -1 -1 -1 -1 -1 -1 -1 0.11111 0.05597 0.10991 0.11211 0.08325 0.09268 0.1197 0.13042 0.13886 0.13903 0.14308 0.1171 0.09981 0.10178 0.07699 0.10481 0.09253 0.10591 0.10073 0.05842 0.08018 0.08589 0.12685 0.11398 0.09893 0.08132
-1 -1 -1 -1 -1 -1 -1 -1 -1 -1 -1 -1 -1 -1 -1 -1 -1 -1 0.11238 0.08212 0.0924 0.09284 0.06194 0.04606 0.10693 0.08435 0.10322 0.0994 0.09446 0.09838 0.07207 0.0802 0.07818 0.06865 0.07772 0.08492 0.081 0.05924 0.06237 0.05869 0.0842 0.07888 0.07879 0.08628
-1 -1 -1 -1 -1 -1 -1 -1 -1 -1 -1 -1 -1 -1 -1 -1 -1 -1 0.09396 0.07158 0.07922 0.0704 0.03979 0.04568 0.06899 0.07418 0.07359 0.07286 0.07157 0.07754 0.06723 0.0737 0.06747 0.06388 0.07973 0.05611 0.06966 0.05767 0.05758 0.04772 0.08878 0.08258 0.07774 0.07965
-1 -1 -1 -1 -1 -1 -1 -1 -1 -1 -1 -1 -1 -1 -1 -1 -1 -1 0.06848 0.09353 0.06816 0.05644 0.03407 0.02919 0.03599 0.0397 0.05618 0.04993 0.05434 0.06247 0.05834 0.06866 0.05975 0.05183 0.06687 0.05947 0.05952 0.0564 0.05267 0.03838 0.06472 0.068 0.07291 0.08327
-1 -1 -1 -1 -1 -1 -1 -1 -1 -1 -1 -1 -1 -1 -1 -1 -1 -1 0.05566 0.07428 0.04624 0.03844 0.03431 0.04626 0.02215 0.0372 0.05557 0.05019 0.04876 0.06005 0.06305 0.06045 0.04496 0.03858 0.05861 0.0712 0.04386 0.04928 0.04727 0.03529 0.0521 0.05248 0.06943 0.09077
-1 -1 -1 -1 -1 -1 -1 -1 -1 -1 -1 -1 -1 -1 -1 -1 -1 -1 0.05463 0.06018 0.03306 0.02038 0.02697 0.00968 0.0261 0.02153 0.04009 0.0355 0.03299 0.05031 0.06554 0.05975 0.04678 0.04499 0.04355 0.06074 0.04414 0.04977 0.04344 0.02763 0.03258 0.03315 0.0667 0.09346
-1 -1 -1 -1 -1 -1 -1 -1 -1 -1 -1 -1 -1 -1 -1 -1 -1 -1 0.07022 0.068 0.03283 0.02446 0.02721 0.02597 0.00608 0.01616 0.01363 0.01682 0.0189 0.03587 0.05537 0.04747 0.03711 0.02748 0.03788 0.04739 0.02751 0.0514 0.04088 0.02689 0.03103 0.03129 0.05499 0.07661
-1 -1 -1 -1 -1 -1 -1 -1 -1 -1 -1 -1 -1 -1 -1 -1 -1 -1 0.04361 0.07102 0.02575 0.02417 0.02177 0.01945 0.02102 0.00889 0.01005 0.01924 0.01 0.02753 0.04995 0.04685 0.03983 0.02276 0.03388 0.0463 0.01903 0.04219 0.04133 0.02247 0.02338 0.02243 0.03804 0.05791
-1 -1 -1 -1 -1 -1 -1 -1 -1 -1 -1 -1 -1 -1 -1 -1 -1 -1 0.04968 0.07766 0.03013 0.02445 0.02479 0.02423 0.00645 0.00776 0.01183 0.00972 0.0117 0.02343 0.05368 0.03007 0.03521 0.02128 0.03608 0.02882 0.03616 0.04258 0.03326 0.02208 0.02102 0.02403 0.02591 0.04275
-1 -1 -1 -1 -1 -1 -1 -1 -1 -1 -1 -1 -1 -1 -1 -1 -1 -1 0.02976 0.06257 0.0307 0.02021 0.02913 0.0229 0.00319 0.00405 0.00488 0.0108 0.00847 0.02056 0.03865 0.0292 0.02864 0.02468 0.02585 0.02869 0.02418 0.04034 0.03066 0.02157 0.01909 0.02025 0.02558 0.03161
-1 -1 -1 -1 -1 -1 -1 -1 -1 -1 -1 -1 -1 -1 -1 -1 -1 -1 0.03311 0.02614 0.01861 0.02127 0.02489 0.01342 0.00304 0.00278 0.00558 0.00451 0.00514 0.01263 0.02452 0.0275 0.02605 0.01741 0.02574 0.02905 0.02936 0.04359 0.02508 0.02231 0.02168 0.01574 0.01768 0.02363
-1 -1 -1 -1 -1 -1 -1 -1 -1 -1 -1 -1 -1 -1 -1 -1 -1 -1 0.01626 0.01409 0.01147 0.02178 0.02222 0.0169 0.01053 0.00057 0.0058 0.00643 0.0044 0.01106 0.0155 0.01593 0.02147 0.01979 0.01126 0.01564 0.02437 0.04699 0.022 0.02347 0.01378 0.0163 0.01431 0.01807
-1 -1 -1 -1 -1 -1 -1 -1 -1 -1 -1 -1 -1 -1 -1 -1 -1 -1 0.03137 0.00867 0.00469 0.01091 0.01777 0.01055 0 0.00101 0.00081 0.00623 0.0042 0.00827 0.01099 0.00942 0.01618 0.01203 0.01082 0.01831 0.0153 0.04085 0.01929 0.01987 0.01453 0.01511 0.01686 0.01588
-1 -1 -1 -1 -1 -1 -1 -1 -1 -1 -1 -1 -1 -1 -1 -1 -1 -1 0.013 0.01261 0.00566 0.00922 0.01473 0.00968 0.00675 0.00156 0.00284 0.00402 0.00373 0.00607 0.00966 0.0093 0.01015 0.00631 0.00934 0.01495 0.01921 0.03999 0.02079 0.01907 0.01216 0.01441 0.0131 0.0136
-1 -1 -1 -1 -1 -1 -1 -1 -1 -1 -1 -1 -1 -1 -1 -1 -1 -1 0.00925 0.0126 0.00348 0.00816 0.0089 0.00355 0.00313 0.00203 0.00161 0.00178 0.00345 0.00227 0.0071 0.00594 0.00409 0.00375 0.00747 0.01301 0.02224 0.03717 0.01659 0.01714 0.00929 0.01293 0.01081 0.01289
-1 -1 -1 -1 -1 -1 -1 -1 -1 -1 -1 -1 -1 -1 -1 -1 -1 -1 0.00128 0.01042 0.00105 0.00647 0.00653 0.00361 0 0.00055 0.00079 0.00324 0.00311 0.00188 0.00766 0.00373 0.00162 0.00338 0.00284 0.00438 0.01438 0.02363 0.01195 0.01259 0.00601 0.00917 0.0116 0.01196
-1 -1 -1 -1 -1 -1 -1 -1 -1 -1 -1 -1 -1 -1 -1 -1 -1 -1 0.00416 0.01087 0.00133 0.00433 0.01209 0.01 0 0.00055 0 0.00136 0.00377 0.00412 0.00728 0.00248 0.0033 0.00166 0.00056 0.00181 0.00878 0.01808 0.00583 0.01053 0.00654 0.0059 0.00769 0.00838
-1 -1 -1 -1 -1 -1 -1 -1 -1 -1 -1 -1 -1 -1 -1 -1 -1 -1 0.0032 0.01077 0.00401 0.00061 0.00517 0.00323 0 0.00113 0.00115 0.00045 0.0017 0.00194 0.00504 0.00261 0.00242 0.00132 0.00113 0.00328 0.00532 0.01288 0.0072 0.00794 0.00456 0.00511 0.00592 0.00381
-1 -1 -1 -1 -1 -1 -1 -1 -1 -1 -1 -1 -1 -1 -1 -1 -1 -1 0.0119 0.00124 0.00101 0.00061 0.00796 0.00968 0 0.00101 0 0.00178 0.00085 0.00051 0.00481 0.00199 0.00242 0.0027 0.00113 0.00092 0.00162 0.00983 0.00564 0.00548 0.00259 0.00457 0.00413 0.00344
-1 -1 -1 -1 -1 -1 -1 -1 -1 -1 -1 -1 -1 -1 -1 -1 -1 -1 0.00128 0.00113 0 0 0.00318 0.01032 0.00353 0 0 0.00089 0 0 0.00274 0.00194 0.00288 0.00099 0.00133 0.00097 0.00436 0.00628 0.00321 0.00215 0.00087 0.0017 0.0034 0.00144
-1 -1 -1 -1 -1 -1 -1 -1 -1 -1 -1 -1 -1 -1 -1 -1 -1 -1 0.00512 0.00421 0.00088 0 0.0043 0 0 0.00051 0 0.00089 0.00042 0.00091 0.00188 0.00147 0.00086 0.00036 0.00115 0.00197 0.00079 0.00428 0.00136 0.00174 0.00137 0.0017 0.00154 0.00111
-1 -1 -1 -1 -1 -1 -1 -1 -1 -1 -1 -1 -1 -1 -1 -1 -1 -1 0.00128 0.00122 0.00144 0 0 0.00355 0 5e-04 0 0 0 0.00049 0 0.00145 0.00124 0 0.00056 9e-04 0.00396 0.00243 0.00212 0.00152 0.00085 0.00025 0.00072 0.00033
-1 -1 -1 -1 -1 -1 -1 -1 -1 -1 -1 -1 -1 -1 -1 -1 -1 -1 0.00679 0.00225 0.00047 0 0.00042 0 0 5e-04 0 0 0 0 0.00104 0.00128 0 0 0.00056 0.00048 0.00158 0.0019 0.00152 0 0.00051 0.00064 0.00044 0.00023
-1 -1 -1 -1 -1 -1 -1 -1 -1 -1 -1 -1 -1 -1 -1 -1 -1 -1 0.00128 0.00113 0 0 0.00151 0 0.00304 0.00101 0 0 0 0 0.00034 0.00029 0.00039 0 0 0.00181 0.00079 0.00083 3e-04 0.00039 0.00019 0 0.00028 0
-1 -1 -1 -1 -1 -1 -1 -1 -1 -1 -1 -1 -1 -1 -1 -1 -1 -1 0 0.00113 0 0 0 0 0 5e-04 0 0 0.00042 0 0 0.00029 0 0 0 0 0 0.00074 0.00031 0.00019 0.00052 0.00021 0.00014 0.00034
-1 -1 -1 -1 -1 -1 -1 -1 -1 -1 -1 -1 -1 -1 -1 -1 -1 -1 0 0 0 0 0 0 0 5e-04 0 0 0 0 0.00034 0.00089 0 0 0.00056 0 0 0.00027 0.00014 0 0.00035 0 0 0.00011
-1 -1 -1 -1 -1 -1 -1 -1 -1 -1 -1 -1 -1 -1 -1 -1 -1 -1 0 0.00113 0 0 0 0 0 0 0 0 0 0 0 0.00058 0 0 0 0.00045 0 0 0 0 0.00016 0 0 0
-1 -1 -1 -1 -1 -1 -1 -1 -1 -1 -1 -1 -1 -1 -1 -1 -1 -1 0 0 0 0 0 0 0 0 0 0.00045 0 0 0 0 0 0 0 0.00045 0 0 0 0 0 0 0 0
-1 -1 -1 -1 -1 -1 -1 -1 -1 -1 -1 -1 -1 -1 -1 -1 -1 -1 0 0 0 0 0 0 0 0 0 0 0 0 0 0 0 0 0 0 0 0 0 0 0.00016 0 0 0
-1 -1 -1 -1 -1 -1 -1 -1 -1 -1 -1 -1 -1 -1 -1 -1 -1 -1 0 0.00113 0 0 0 0 0 0 0 0 0 0 0 0 0 0 0 0 0 0.00011 0 0 0 0 0 0
-1 -1 -1 -1 -1 -1 -1 -1 -1 -1 -1 -1 -1 -1 -1 -1 -1 -1 0 0 0 0 0 0 0 0 0 0 0 0 0 0 0 0 0 0 0 0 0 0 0 0 0 0
-1 -1 -1 -1 -1 -1 -1 -1 -1 -1 -1 -1 -1 -1 -1 -1 -1 -1 0 0 0 0 0 0 0 0 0 0 0 0 0 0 0 0 0 0 0 0 0 0 0 0 0 0
-1 -1 -1 -1 -1 -1 -1 -1 -1 -1 -1 -1 -1 -1 -1 -1 -1 -1 0 0 0 0 0 0 0 0 0 0 0 0 0 0 0 0 0 0 0 0 0 0 0 0 0 0
-1 -1 -1 -1 -1 -1 -1 -1 -1 -1 -1 -1 -1 -1 -1 -1 -1 -1 0 0 0 0 0 0 0 0 0 0 0 0 0 0 0 0 0 0 0 0 0 0 0 0 0 0
-1 -1 -1 -1 -1 -1 -1 -1 -1 -1 -1 -1 -1 -1 -1 -1 -1 -1 0 0 0 0 0 0 0 0 0 0 0 0 0 0 0 0 0 0 0 0 0 0 0 0 0 0
-1 -1 -1 -1 -1 -1 -1 -1 -1 -1 -1 -1 -1 -1 -1 -1 -1 -1 0 0 0 0 0.00042 0 0 0 0 0 0 0 0 0 0 0 0 0 0 0 0 0 0 0 0 0
-1 -1 -1 -1 -1 -1 -1 -1 -1 -1 -1 -1 -1 -1 -1 -1 -1 -1 0 0 0 0 0 0 0 0 0 0 0 0 0 0 0 0 0 0 0 0 0 0 0 0 0 0

# LL_NAFO4_Obs_c
-1 -1 -1 -1 -1 -1 -1 -1 -1 -1 -1 -1 -1 -1 -1 -1 -1 -1 0 0 -1 0 0 0 0 0 0 0 0 0 0 0 0 0 0 0 0 0 0 0 0 0 0 0
-1 -1 -1 -1 -1 -1 -1 -1 -1 -1 -1 -1 -1 -1 -1 -1 -1 -1 0 0 -1 0 0 0 0 0 0.00021 0 0 0 0 0 0 0 0 0 0 0 0 0 0.00017 0 0 0
-1 -1 -1 -1 -1 -1 -1 -1 -1 -1 -1 -1 -1 -1 -1 -1 -1 -1 0 0 -1 0 0 0 0 0 0.00022 0 0 0 0 0 0 0 0 0 0 0 0 0 0.00034 0 0 0
-1 -1 -1 -1 -1 -1 -1 -1 -1 -1 -1 -1 -1 -1 -1 -1 -1 -1 0 0 -1 0 0 0 0 0 0 0 0 0 0 0 0 0 0 0.00754 0 0 0 0 0.00034 0 0 0.00041
-1 -1 -1 -1 -1 -1 -1 -1 -1 -1 -1 -1 -1 -1 -1 -1 -1 -1 0 0 -1 0 0 0 0 0 0 0 0 0 0 0 0 0 0 0 0 0 0 0 0.00015 0 0 0.00033
-1 -1 -1 -1 -1 -1 -1 -1 -1 -1 -1 -1 -1 -1 -1 -1 -1 -1 0 0 -1 0 0 0 0 0 0 0 0 0 0 0 0 0 0 0 0 0 0.00037 0 0.00015 0 0.00024 0.00041
-1 -1 -1 -1 -1 -1 -1 -1 -1 -1 -1 -1 -1 -1 -1 -1 -1 -1 0 0 -1 0 0.00344 0 0 0.00244 0 0 0 0.00035 0 0 0 0 0 0 0 0 0 0 0.00066 0 0.00046 0.00091
-1 -1 -1 -1 -1 -1 -1 -1 -1 -1 -1 -1 -1 -1 -1 -1 -1 -1 0 0 -1 0 0 0 0 0.00244 0.00066 0 0.00026 0 0.00034 0.00133 3e-04 0 0 0.00171 0 0.0025 0 0.00087 0.00124 0.00208 0.00141 0.00201
-1 -1 -1 -1 -1 -1 -1 -1 -1 -1 -1 -1 -1 -1 -1 -1 -1 -1 0 0 -1 0 0.00269 0 0.01072 0.00488 2e-04 0 0.00081 0.00035 0.00031 0.00163 0.00133 3e-04 0 0.00171 0.00578 0.00547 0.00239 0.0056 0.0039 0.00592 0.01404 0.00638
-1 -1 -1 -1 -1 -1 -1 -1 -1 -1 -1 -1 -1 -1 -1 -1 -1 -1 0.06456 0 -1 0 0.02084 0 0 0.00749 0.00141 0 0.0049 0.00226 0.00069 0.00531 0.00401 0 0 0 0.00473 0.00545 0.00413 0.01948 0.01288 0.01534 0.01955 0.01315
-1 -1 -1 -1 -1 -1 -1 -1 -1 -1 -1 -1 -1 -1 -1 -1 -1 -1 0.10263 0 -1 0.06256 0.0308 0 0 0.00451 0.00591 0.00164 0.00855 0.00432 0.00252 0.00734 0.0085 0.00395 0.00527 0.00831 0.01493 0.00966 0.01055 0.03539 0.03239 0.02936 0.03696 0.02398
-1 -1 -1 -1 -1 -1 -1 -1 -1 -1 -1 -1 -1 -1 -1 -1 -1 -1 0.03807 0 -1 0.04926 0.01664 0 0 0.01229 0.01391 0.00238 0.01595 0.01001 0.00795 0.02214 0.02291 0.00864 0.01124 0.01023 0.03146 0.02555 0.02407 0.06072 0.05755 0.0502 0.05609 0.04089
-1 -1 -1 -1 -1 -1 -1 -1 -1 -1 -1 -1 -1 -1 -1 -1 -1 -1 0.00896 0 -1 0.05911 0.01851 0.0011 0.0371 0.02166 0.04528 0.015 0.03742 0.02665 0.02923 0.06141 0.05331 0.03919 0.03356 0.0227 0.05281 0.04478 0.05703 0.09689 0.09989 0.07612 0.07838 0.06587
-1 -1 -1 -1 -1 -1 -1 -1 -1 -1 -1 -1 -1 -1 -1 -1 -1 -1 0.1077 0 -1 0.09901 0.02024 0.03086 0.09866 0.0461 0.15304 0.05543 0.08599 0.06631 0.07314 0.11518 0.11535 0.11684 0.04729 0.05079 0.0645 0.06628 0.0741 0.13769 0.13683 0.10331 0.11598 0.10301
-1 -1 -1 -1 -1 -1 -1 -1 -1 -1 -1 -1 -1 -1 -1 -1 -1 -1 0.00888 0 -1 0.10493 0.158 0.15711 0.20268 0.2439 0.2438 0.18849 0.19707 0.15685 0.10592 0.11336 0.14257 0.11721 0.10736 0.12233 0.10655 0.15376 0.09441 0.16265 0.16445 0.14005 0.17107 0.12978
-1 -1 -1 -1 -1 -1 -1 -1 -1 -1 -1 -1 -1 -1 -1 -1 -1 -1 0.05916 0 -1 0 0.12589 0.24054 0.12268 0.16303 0.16274 0.19693 0.16754 0.17949 0.11104 0.11762 0.12164 0.1153 0.13103 0.13332 0.10969 0.12368 0.08888 0.13273 0.1316 0.12443 0.14051 0.12752
-1 -1 -1 -1 -1 -1 -1 -1 -1 -1 -1 -1 -1 -1 -1 -1 -1 -1 0.0981 0.25 -1 0 0.11729 0.22993 0.16011 0.10153 0.10743 0.156 0.11589 0.14058 0.12062 0.0985 0.0956 0.10242 0.12562 0.10958 0.08226 0.08342 0.09067 0.09706 0.10222 0.11281 0.10174 0.11431
-1 -1 -1 -1 -1 -1 -1 -1 -1 -1 -1 -1 -1 -1 -1 -1 -1 -1 0.11746 0 -1 0.15419 0.13306 0.12485 0.06456 0.15093 0.07296 0.11141 0.08927 0.11703 0.11121 0.08437 0.0809 0.09507 0.10645 0.10317 0.10144 0.08279 0.09026 0.07607 0.07369 0.081 0.0816 0.08775
-1 -1 -1 -1 -1 -1 -1 -1 -1 -1 -1 -1 -1 -1 -1 -1 -1 -1 0.04941 0 -1 0.26552 0.07475 0.09334 0.11743 0.06648 0.05224 0.0761 0.05497 0.05701 0.08616 0.06608 0.05564 0.06227 0.0851 0.08855 0.07531 0.04046 0.06857 0.03398 0.04234 0.05015 0.04232 0.06166
-1 -1 -1 -1 -1 -1 -1 -1 -1 -1 -1 -1 -1 -1 -1 -1 -1 -1 0.00888 0 -1 0.05369 0.09319 0.06465 0.04118 0.06184 0.03268 0.04445 0.03807 0.0367 0.05578 0.0479 0.0454 0.06094 0.05805 0.05029 0.07648 0.04709 0.05259 0.02731 0.03799 0.0455 0.02914 0.04469
-1 -1 -1 -1 -1 -1 -1 -1 -1 -1 -1 -1 -1 -1 -1 -1 -1 -1 0.00888 0 -1 0 0.02536 0.031 0.02306 0.02956 0.02983 0.03548 0.03937 0.03706 0.04513 0.04724 0.0374 0.04583 0.04312 0.06006 0.04931 0.03473 0.04608 0.02229 0.03061 0.03939 0.02836 0.03287
-1 -1 -1 -1 -1 -1 -1 -1 -1 -1 -1 -1 -1 -1 -1 -1 -1 -1 0.04782 0 -1 0 0.04724 0.00447 0.01169 0.03853 0.02538 0.02785 0.03402 0.02444 0.04303 0.03316 0.02958 0.03292 0.04408 0.04794 0.02808 0.03684 0.03719 0.01624 0.01759 0.02797 0.02218 0.02816
-1 -1 -1 -1 -1 -1 -1 -1 -1 -1 -1 -1 -1 -1 -1 -1 -1 -1 0.03886 0 -1 0 0.01283 0.00439 0.02145 0.01483 0.01572 0.02157 0.02463 0.02679 0.03839 0.02661 0.03007 0.03461 0.02876 0.02549 0.02727 0.03591 0.04254 0.01105 0.01306 0.01845 0.01683 0.0269
-1 -1 -1 -1 -1 -1 -1 -1 -1 -1 -1 -1 -1 -1 -1 -1 -1 -1 0.03149 0.25 -1 0 0 0.00329 0.02627 0.00461 0.01222 0.02118 0.02035 0.0301 0.03436 0.02561 0.02932 0.03032 0.02951 0.03224 0.02415 0.0324 0.02917 0.01272 0.01 0.0188 0.01385 0.01854
-1 -1 -1 -1 -1 -1 -1 -1 -1 -1 -1 -1 -1 -1 -1 -1 -1 -1 0.02673 0 -1 0.15172 0.01856 0 0.01105 0.01026 0.00586 0.01057 0.02065 0.01959 0.03642 0.03098 0.02308 0.02964 0.01455 0.02109 0.02753 0.02977 0.03279 0.01021 0.00699 0.0119 0.01012 0.01554
-1 -1 -1 -1 -1 -1 -1 -1 -1 -1 -1 -1 -1 -1 -1 -1 -1 -1 0.02514 0.25 -1 0 0.02986 0 0 0.00856 0.00489 0.00787 0.01327 0.01978 0.0254 0.02507 0.02782 0.03312 0.03764 0.01848 0.02623 0.02011 0.03239 0.00857 0.00554 0.00946 0.00506 0.01714
-1 -1 -1 -1 -1 -1 -1 -1 -1 -1 -1 -1 -1 -1 -1 -1 -1 -1 0.04877 0 -1 0 0.00749 0.00439 0.01705 0 0.00266 0.00727 0.00769 0.01235 0.02495 0.02124 0.02534 0.02106 0.02537 0.01941 0.01956 0.02433 0.02649 0.00681 0.00551 0.0087 0.00468 0.01137
-1 -1 -1 -1 -1 -1 -1 -1 -1 -1 -1 -1 -1 -1 -1 -1 -1 -1 0.02514 0 -1 0 0.01325 0.00329 0.01072 0 0.00199 0.0059 0.00733 0.01167 0.01225 0.01512 0.01902 0.01619 0.02394 0.01954 0.01818 0.01683 0.02085 0.00586 0.00255 0.00718 0.00181 0.00704
-1 -1 -1 -1 -1 -1 -1 -1 -1 -1 -1 -1 -1 -1 -1 -1 -1 -1 0 0.25 -1 0 0.01236 0 0.0118 0 0.0017 0.00428 0.00329 0.00404 0.01041 0.00745 0.0114 0.01228 0.01223 0.0113 0.01818 0.01516 0.02061 0.00644 0.00284 0.00541 0.00252 0.00538
-1 -1 -1 -1 -1 -1 -1 -1 -1 -1 -1 -1 -1 -1 -1 -1 -1 -1 0.05671 0 -1 0 0.00494 0.0011 0.0118 0.00414 0.00241 0.00131 0.00379 0.00272 0.00935 0.00751 0.00616 0.00569 0.00819 0.00566 0.01424 0.01687 0.01545 0.00389 0.00212 0.00207 0.00115 0.00379
-1 -1 -1 -1 -1 -1 -1 -1 -1 -1 -1 -1 -1 -1 -1 -1 -1 -1 0.00888 0 -1 0 0.00514 0.00132 0 0 0.00141 0.00198 0.00262 0.00254 0.004 0.00478 0.0044 0.00443 0.00845 0.00678 0.01037 0.01013 0.00876 0.00353 0.00207 0.00446 0.00088 0.00303
-1 -1 -1 -1 -1 -1 -1 -1 -1 -1 -1 -1 -1 -1 -1 -1 -1 -1 0 0 -1 0 0.00247 0 0 0 6e-04 0.001 0.00202 0.00287 0.00232 0.00443 0.00248 0.00392 0.0032 0.00582 0.00506 0.0066 0.0073 0.00172 0.00062 0.00279 0.00089 0.00149
-1 -1 -1 -1 -1 -1 -1 -1 -1 -1 -1 -1 -1 -1 -1 -1 -1 -1 0.00888 0 -1 0 0.00267 0.00329 0 0 0.00084 0.00229 0.00083 0.00211 0.00197 0.00148 0.00125 0.00177 0.00342 0.00465 0.00099 0.00871 0.00693 0.00164 0.00016 0.00241 0.00087 0.00144
-1 -1 -1 -1 -1 -1 -1 -1 -1 -1 -1 -1 -1 -1 -1 -1 -1 -1 0 0 -1 0 0.00247 0 0 0 0.00081 0.001 0.00041 0.00266 0.0023 0.00195 0.00091 0.00109 0.00178 0.00339 0.00197 0.00335 0.00671 0.0015 0.00016 0.00263 0.00088 0.00148
-1 -1 -1 -1 -1 -1 -1 -1 -1 -1 -1 -1 -1 -1 -1 -1 -1 -1 0.00888 0 -1 0 0 0 0 0 0.00061 0.00131 0.00106 0.00152 0.00087 0.00228 0.00189 0.00106 0 0.00226 0.00099 0.00085 0.00374 3e-04 0.00031 0.00117 0.00022 0.00066
-1 -1 -1 -1 -1 -1 -1 -1 -1 -1 -1 -1 -1 -1 -1 -1 -1 -1 0 0 -1 0 0 0 0 0 0 0.00033 0.00041 0.00042 0.00113 0.00072 6e-04 0.00119 0 0.00113 0 0.00784 0.00248 3e-04 0 0.00019 0.00022 0.00059
-1 -1 -1 -1 -1 -1 -1 -1 -1 -1 -1 -1 -1 -1 -1 -1 -1 -1 0 0 -1 0 0 0.0011 0 0 2e-04 0.00033 0.00052 0.00036 0.00117 0.00113 0 0.00164 0 0.00113 0 0.00538 0.00063 0.00032 0 0.00018 0 0.00092
-1 -1 -1 -1 -1 -1 -1 -1 -1 -1 -1 -1 -1 -1 -1 -1 -1 -1 0 0 -1 0 0 0 0 0 0 0.00033 0 0.00035 0.00055 0.00036 3e-04 0.00032 0.0016 0.00113 0.00099 0.0025 0.00063 0 0.00015 0 0 0
-1 -1 -1 -1 -1 -1 -1 -1 -1 -1 -1 -1 -1 -1 -1 -1 -1 -1 0 0 -1 0 0 0 0 0 0 0 0.00013 0 0.00055 0 3e-04 0.00026 0.0016 0 0 0 0.00061 0 0.00015 0.00037 0 0.00029
-1 -1 -1 -1 -1 -1 -1 -1 -1 -1 -1 -1 -1 -1 -1 -1 -1 -1 0 0 -1 0 0 0 0 0 2e-04 0 0 0.00035 0.00028 0.00072 0.00123 0 0 0.00113 0 0 0.00062 0.00016 0.00017 0 0 0
-1 -1 -1 -1 -1 -1 -1 -1 -1 -1 -1 -1 -1 -1 -1 -1 -1 -1 0 0 -1 0 0 0 0 0 0 0 0.00013 0.00035 0 0 0 0 0 0 0 0 0 0 0.00032 0 0 0.00028
-1 -1 -1 -1 -1 -1 -1 -1 -1 -1 -1 -1 -1 -1 -1 -1 -1 -1 0 0 -1 0 0 0 0 0 0 0 0.00039 0 0.00028 0 0 0.00026 0.0016 0.00113 0 0 0 0 0 0.00019 0 0
-1 -1 -1 -1 -1 -1 -1 -1 -1 -1 -1 -1 -1 -1 -1 -1 -1 -1 0 0 -1 0 0 0 0 0 0 0 0.00015 0 0 0 0 0 0 0 0 8e-04 0 0 0 0 0 0
-1 -1 -1 -1 -1 -1 -1 -1 -1 -1 -1 -1 -1 -1 -1 -1 -1 -1 0 0 -1 0 0 0 0 0 0 0 0 0 0 0 0 0.00026 0 0 0.00096 0 0 0 3e-04 0 0 0
-1 -1 -1 -1 -1 -1 -1 -1 -1 -1 -1 -1 -1 -1 -1 -1 -1 -1 0 0 -1 0 0 0 0 0 0 0.00033 0 0 0 0 0 0 0 0 0 0 0 0 0 0 0 0
-1 -1 -1 -1 -1 -1 -1 -1 -1 -1 -1 -1 -1 -1 -1 -1 -1 -1 0 0 -1 0 0 0 0 0 0 0 0 0 0 0 0 0 0 0 0 0 0 0 0 0 0 0
-1 -1 -1 -1 -1 -1 -1 -1 -1 -1 -1 -1 -1 -1 -1 -1 -1 -1 0 0 -1 0 0 0 0 0 0 0 0 0 0 0 0 0 0 0 0 0 0 0 0 0 0 0
-1 -1 -1 -1 -1 -1 -1 -1 -1 -1 -1 -1 -1 -1 -1 -1 -1 -1 0 0 -1 0 0 0 0 0 0 0 0 0 0 0 0 0 0 0 0 0 0 0 0 0 0 0
-1 -1 -1 -1 -1 -1 -1 -1 -1 -1 -1 -1 -1 -1 -1 -1 -1 -1 0 0 -1 0 0 0 0 0 0 0 0.00026 0 0 0 0 0 0 0 0 0 0 0 0 0 0 0
-1 -1 -1 -1 -1 -1 -1 -1 -1 -1 -1 -1 -1 -1 -1 -1 -1 -1 0 0 -1 0 0 0 0 0 0 0 0 0 0 0 0 0 0 0 0 0 0 0 0 0 0 0
-1 -1 -1 -1 -1 -1 -1 -1 -1 -1 -1 -1 -1 -1 -1 -1 -1 -1 0 0 -1 0 0 0 0 0 0 0 0 0 0 0 0 0 0 0 0 0 0 0 0 0 0 0
-1 -1 -1 -1 -1 -1 -1 -1 -1 -1 -1 -1 -1 -1 -1 -1 -1 -1 0 0 -1 0 0 0 0 0 0 0 0 0 0 0 0 0 0 0 0 0 0 0 0 0 0 0
-1 -1 -1 -1 -1 -1 -1 -1 -1 -1 -1 -1 -1 -1 -1 -1 -1 -1 0 0 -1 0 0 0 0 0 0 0 0 0 0 0 0 0 0 0 0 0 0 0 0 0 0 0
-1 -1 -1 -1 -1 -1 -1 -1 -1 -1 -1 -1 -1 -1 -1 -1 -1 -1 0 0 -1 0 0 0 0 0 0 0 0 0 0 0 0 0 0 0 0 0 0 0 0 0 0 0

# OT_NAFO3_Obs_c
-1 -1 -1 -1 -1 -1 -1 -1 -1 -1 -1 -1 0 -1 0 0 0 0 0 0 0 0 0 0 0 -1 -1 0 0 -1 -1 0 0 -1 -1 -1 -1 -1 -1 -1 0 0 -1 0
-1 -1 -1 -1 -1 -1 -1 -1 -1 -1 -1 -1 0 -1 0 0 0 0 0 0 0 0 0 0 0 -1 -1 0 0 -1 -1 0 0 -1 -1 -1 -1 -1 -1 -1 0 0 -1 0
-1 -1 -1 -1 -1 -1 -1 -1 -1 -1 -1 -1 0 -1 0 0 0 0 0 0 0 0 0 0 0 -1 -1 0 0 -1 -1 0 0 -1 -1 -1 -1 -1 -1 -1 0 0 -1 0
-1 -1 -1 -1 -1 -1 -1 -1 -1 -1 -1 -1 0 -1 0 0.00121 0 0 0 0 0 0 0 0 0 -1 -1 0 0 -1 -1 0 0 -1 -1 -1 -1 -1 -1 -1 0 0 -1 0
-1 -1 -1 -1 -1 -1 -1 -1 -1 -1 -1 -1 0 -1 0 0 0 0 0 0 0 0 0 0 0 -1 -1 0 0 -1 -1 0 0 -1 -1 -1 -1 -1 -1 -1 0 0 -1 0
-1 -1 -1 -1 -1 -1 -1 -1 -1 -1 -1 -1 0 -1 0 0 0 0 0 0 0.00886 0 0 0 0 -1 -1 0 0 -1 -1 0 0 -1 -1 -1 -1 -1 -1 -1 0 0 -1 0
-1 -1 -1 -1 -1 -1 -1 -1 -1 -1 -1 -1 0 -1 0 0 0 0.00548 0 0 0 0.00637 0 0 0 -1 -1 0 0 -1 -1 0 0 -1 -1 -1 -1 -1 -1 -1 0 0.6732 -1 0
-1 -1 -1 -1 -1 -1 -1 -1 -1 -1 -1 -1 0 -1 0 0 0 0 0 0.02381 0.01772 0 0.00865 0 0 -1 -1 0 0 -1 -1 0 0 -1 -1 -1 -1 -1 -1 -1 0 0 -1 0
-1 -1 -1 -1 -1 -1 -1 -1 -1 -1 -1 -1 0 -1 0 0.01362 0 0.01095 0 0 0.03753 0 0.0397 0.01137 0 -1 -1 0 0 -1 -1 0 0 -1 -1 -1 -1 -1 -1 -1 0 0 -1 0.02509
-1 -1 -1 -1 -1 -1 -1 -1 -1 -1 -1 -1 0 -1 0 0.00824 0 0 0.00805 0.0279 0.04037 0 0.07404 0.05583 0 -1 -1 0 0 -1 -1 0 0 -1 -1 -1 -1 -1 -1 -1 0 0 -1 0.04194
-1 -1 -1 -1 -1 -1 -1 -1 -1 -1 -1 -1 0 -1 0 0.01124 0 0.00548 0.10246 0.01069 0.0463 0.01273 0.05163 0.14466 0 -1 -1 0 0 -1 -1 0 0 -1 -1 -1 -1 -1 -1 -1 0 0 -1 0.06352
-1 -1 -1 -1 -1 -1 -1 -1 -1 -1 -1 -1 0.08685 -1 0.0043 0.017 0 0.02672 0.04857 0.01728 0.05919 0.00637 0.10803 0.05807 0 -1 -1 0 0.33333 -1 -1 0 0 -1 -1 -1 -1 -1 -1 -1 0 0 -1 0.01212
-1 -1 -1 -1 -1 -1 -1 -1 -1 -1 -1 -1 0.13069 -1 0.00736 0.05828 0 0.04484 0.11051 0.06563 0.16936 0.0191 0.11806 0.08426 0 -1 -1 0 0 -1 -1 0 0 -1 -1 -1 -1 -1 -1 -1 0 0 -1 0.03697
-1 -1 -1 -1 -1 -1 -1 -1 -1 -1 -1 -1 0.13069 -1 0.1001 0.12245 0 0.09785 0.02416 0.08271 0.10737 0.04852 0.04956 0.15542 0 -1 -1 0 0 -1 -1 0 0 -1 -1 -1 -1 -1 -1 -1 0 0 -1 0.02425
-1 -1 -1 -1 -1 -1 -1 -1 -1 -1 -1 -1 0.17369 -1 0.16942 0.12323 0 0.06155 0.13814 0.19794 0.12364 0.15478 0.13077 0.09694 0 -1 -1 0 0.33333 -1 -1 0 0.41245 -1 -1 -1 -1 -1 -1 -1 0.28233 0 -1 0.12874
-1 -1 -1 -1 -1 -1 -1 -1 -1 -1 -1 -1 0.26096 -1 0.22212 0.14631 0.27745 0.15863 0.2025 0.09135 0.10152 0.14892 0.07966 0.17887 0 -1 -1 0 0.33333 -1 -1 0 0.58755 -1 -1 -1 -1 -1 -1 -1 0.35884 0 -1 0.0377
-1 -1 -1 -1 -1 -1 -1 -1 -1 -1 -1 -1 0.08685 -1 0.11165 0.11326 0.24603 0.16777 0.11244 0.07427 0.08381 0.15975 0.07213 0.08212 0 -1 -1 0 0 -1 -1 0 0 -1 -1 -1 -1 -1 -1 -1 0.07651 0 -1 0.06255
-1 -1 -1 -1 -1 -1 -1 -1 -1 -1 -1 -1 0.08685 -1 0.07609 0.09142 0.27757 0.13267 0.065 0.13456 0.08064 0.12085 0.0992 0.04538 0.14286 -1 -1 0 0 -1 -1 0 0 -1 -1 -1 -1 -1 -1 -1 0.28233 0 -1 0.03734
-1 -1 -1 -1 -1 -1 -1 -1 -1 -1 -1 -1 0 -1 0.11047 0.05144 0.08364 0.06313 0.01772 0.07163 0.02773 0.05266 0.04982 0 0.42857 -1 -1 0 0 -1 -1 0 0 -1 -1 -1 -1 -1 -1 -1 0 0 -1 0.10038
-1 -1 -1 -1 -1 -1 -1 -1 -1 -1 -1 -1 0 -1 0.04913 0.05291 0.06554 0.07167 0.00805 0.04056 0.00703 0.07252 0.02785 0 0 -1 -1 0 0 -1 -1 0 0 -1 -1 -1 -1 -1 -1 -1 0 0 -1 0.15093
-1 -1 -1 -1 -1 -1 -1 -1 -1 -1 -1 -1 0 -1 0.02089 0.03176 0.04977 0.0288 0.00918 0.03522 0.00805 0.01433 0.0384 0.01015 0.14286 -1 -1 1 0 -1 -1 0 0 -1 -1 -1 -1 -1 -1 -1 0 0 -1 0.0628
-1 -1 -1 -1 -1 -1 -1 -1 -1 -1 -1 -1 0 -1 0.02949 0.02508 0 0.01237 0.03625 0.03225 0.03541 0.02413 0 0 0.14286 -1 -1 0 0 -1 -1 0 0 -1 -1 -1 -1 -1 -1 -1 0 0 -1 0.02473
-1 -1 -1 -1 -1 -1 -1 -1 -1 -1 -1 -1 0 -1 0 0.00842 0 0.0069 0 0 0.00279 0.01445 0.0179 0.02111 0 -1 -1 0 0 -1 -1 0.33333 0 -1 -1 -1 -1 -1 -1 -1 0 0.3268 -1 0.05079
-1 -1 -1 -1 -1 -1 -1 -1 -1 -1 -1 -1 0 -1 0.02151 0.0179 0 0.02289 0.01611 0.02645 0.01887 0.00751 0 0.01015 0 -1 -1 0 0 -1 -1 0 0 -1 -1 -1 -1 -1 -1 -1 0 0 -1 0.04922
-1 -1 -1 -1 -1 -1 -1 -1 -1 -1 -1 -1 0 -1 0.0043 0.00775 0 0 0.0174 0 0.00435 0.00637 0 0 0.14286 -1 -1 0 0 -1 -1 0.33333 0 -1 -1 -1 -1 -1 -1 -1 0 0 -1 0
-1 -1 -1 -1 -1 -1 -1 -1 -1 -1 -1 -1 0.04342 -1 0.0043 0.01799 0 0.01588 0 0.01326 0 0.02693 0 0.01015 0 -1 -1 0 0 -1 -1 0 0 -1 -1 -1 -1 -1 -1 -1 0 0 -1 0.04158
-1 -1 -1 -1 -1 -1 -1 -1 -1 -1 -1 -1 0 -1 0.00861 0.00727 0 0.01747 0 0 0.00268 0 0 0.01523 0 -1 -1 0 0 -1 -1 0.33333 0 -1 -1 -1 -1 -1 -1 -1 0 0 -1 0
-1 -1 -1 -1 -1 -1 -1 -1 -1 -1 -1 -1 0 -1 0.0043 0.00594 0 0 0.00805 0 0.00604 0.01783 0 0 0 -1 -1 0 0 -1 -1 0 0 -1 -1 -1 -1 -1 -1 -1 0 0 -1 0.02449
-1 -1 -1 -1 -1 -1 -1 -1 -1 -1 -1 -1 0 -1 0.0043 0.00675 0 0.01095 0.01885 0 0.00268 0 0 0 0 -1 -1 0 0 -1 -1 0 0 -1 -1 -1 -1 -1 -1 -1 0 0 -1 0
-1 -1 -1 -1 -1 -1 -1 -1 -1 -1 -1 -1 0 -1 0 0.00201 0 0.0104 0 0.01623 0 0.03056 0 0 0 -1 -1 0 0 -1 -1 0 0 -1 -1 -1 -1 -1 -1 -1 0 0 -1 0
-1 -1 -1 -1 -1 -1 -1 -1 -1 -1 -1 -1 0 -1 0 0.00184 0 0 0.01047 0.01187 0 0.00637 0 0 0 -1 -1 0 0 -1 -1 0 0 -1 -1 -1 -1 -1 -1 -1 0 0 -1 0.01273
-1 -1 -1 -1 -1 -1 -1 -1 -1 -1 -1 -1 0 -1 0.0043 0.00504 0 0 0 0.0066 0 0.00637 0.00865 0 0 -1 -1 0 0 -1 -1 0 0 -1 -1 -1 -1 -1 -1 -1 0 0 -1 0
-1 -1 -1 -1 -1 -1 -1 -1 -1 -1 -1 -1 0 -1 0.0043 0.00507 0 0.00548 0.00854 0.0066 0 0 0 0 0 -1 -1 0 0 -1 -1 0 0 -1 -1 -1 -1 -1 -1 -1 0 0 -1 0
-1 -1 -1 -1 -1 -1 -1 -1 -1 -1 -1 -1 0 -1 0.0043 0.00751 0 0.0069 0 0.0066 0 0.007 0 0 0 -1 -1 0 0 -1 -1 0 0 -1 -1 -1 -1 -1 -1 -1 0 0 -1 0
-1 -1 -1 -1 -1 -1 -1 -1 -1 -1 -1 -1 0 -1 0.01291 0.01232 0 0.00832 0.02706 0.0066 0 0.00637 0 0.01015 0 -1 -1 0 0 -1 -1 0 0 -1 -1 -1 -1 -1 -1 -1 0 0 -1 0.01212
-1 -1 -1 -1 -1 -1 -1 -1 -1 -1 -1 -1 0 -1 0 0.0101 0 0 0 0 0 0 0 0 0 -1 -1 0 0 -1 -1 0 0 -1 -1 -1 -1 -1 -1 -1 0 0 -1 0
-1 -1 -1 -1 -1 -1 -1 -1 -1 -1 -1 -1 0 -1 0.0043 0.00302 0 0 0 0 0 0.00637 0.00865 0 0 -1 -1 0 0 -1 -1 0 0 -1 -1 -1 -1 -1 -1 -1 0 0 -1 0
-1 -1 -1 -1 -1 -1 -1 -1 -1 -1 -1 -1 0 -1 0.0043 0.00771 0 0.0069 0 0 0.00805 0 0 0 0 -1 -1 0 0 -1 -1 0 0 -1 -1 -1 -1 -1 -1 -1 0 0 -1 0
-1 -1 -1 -1 -1 -1 -1 -1 -1 -1 -1 -1 0 -1 0.0043 0.00386 0 0 0 0 0 0.007 0 0 0 -1 -1 0 0 -1 -1 0 0 -1 -1 -1 -1 -1 -1 -1 0 0 -1 0
-1 -1 -1 -1 -1 -1 -1 -1 -1 -1 -1 -1 0 -1 0.00861 0 0 0 0 0 0 0 0 0.01015 0 -1 -1 0 0 -1 -1 0 0 -1 -1 -1 -1 -1 -1 -1 0 0 -1 0
-1 -1 -1 -1 -1 -1 -1 -1 -1 -1 -1 -1 0 -1 0 0 0 0 0 0 0 0 0 0 0 -1 -1 0 0 -1 -1 0 0 -1 -1 -1 -1 -1 -1 -1 0 0 -1 0
-1 -1 -1 -1 -1 -1 -1 -1 -1 -1 -1 -1 0 -1 0.0043 0.00104 0 0 0.01047 0 0 0.00637 0.00865 0 0 -1 -1 0 0 -1 -1 0 0 -1 -1 -1 -1 -1 -1 -1 0 0 -1 0
-1 -1 -1 -1 -1 -1 -1 -1 -1 -1 -1 -1 0 -1 0 0 0 0 0 0 0 0.00949 0 0 0 -1 -1 0 0 -1 -1 0 0 -1 -1 -1 -1 -1 -1 -1 0 0 -1 0
-1 -1 -1 -1 -1 -1 -1 -1 -1 -1 -1 -1 0 -1 0 0.00101 0 0 0 0 0 0 0 0 0 -1 -1 0 0 -1 -1 0 0 -1 -1 -1 -1 -1 -1 -1 0 0 -1 0
-1 -1 -1 -1 -1 -1 -1 -1 -1 -1 -1 -1 0 -1 0 0 0 0 0 0 0 0 0.00865 0 0 -1 -1 0 0 -1 -1 0 0 -1 -1 -1 -1 -1 -1 -1 0 0 -1 0
-1 -1 -1 -1 -1 -1 -1 -1 -1 -1 -1 -1 0 -1 0 0 0 0 0 0 0 0 0 0 0 -1 -1 0 0 -1 -1 0 0 -1 -1 -1 -1 -1 -1 -1 0 0 -1 0
-1 -1 -1 -1 -1 -1 -1 -1 -1 -1 -1 -1 0 -1 0 0 0 0 0 0 0 0 0 0 0 -1 -1 0 0 -1 -1 0 0 -1 -1 -1 -1 -1 -1 -1 0 0 -1 0
-1 -1 -1 -1 -1 -1 -1 -1 -1 -1 -1 -1 0 -1 0 0 0 0 0 0 0 0 0 0 0 -1 -1 0 0 -1 -1 0 0 -1 -1 -1 -1 -1 -1 -1 0 0 -1 0
-1 -1 -1 -1 -1 -1 -1 -1 -1 -1 -1 -1 0 -1 0 0 0 0 0 0 0 0 0 0 0 -1 -1 0 0 -1 -1 0 0 -1 -1 -1 -1 -1 -1 -1 0 0 -1 0
-1 -1 -1 -1 -1 -1 -1 -1 -1 -1 -1 -1 0 -1 0 0 0 0 0 0 0 0 0 0 0 -1 -1 0 0 -1 -1 0 0 -1 -1 -1 -1 -1 -1 -1 0 0 -1 0
-1 -1 -1 -1 -1 -1 -1 -1 -1 -1 -1 -1 0 -1 0 0 0 0 0 0 0 0 0 0 0 -1 -1 0 0 -1 -1 0 0 -1 -1 -1 -1 -1 -1 -1 0 0 -1 0
-1 -1 -1 -1 -1 -1 -1 -1 -1 -1 -1 -1 0 -1 0 0 0 0 0 0 0 0 0 0 0 -1 -1 0 0 -1 -1 0 0 -1 -1 -1 -1 -1 -1 -1 0 0 -1 0
-1 -1 -1 -1 -1 -1 -1 -1 -1 -1 -1 -1 0 -1 0 0 0 0 0 0 0 0 0 0 0 -1 -1 0 0 -1 -1 0 0 -1 -1 -1 -1 -1 -1 -1 0 0 -1 0
-1 -1 -1 -1 -1 -1 -1 -1 -1 -1 -1 -1 0 -1 0 0 0 0 0 0 0 0 0 0 0 -1 -1 0 0 -1 -1 0 0 -1 -1 -1 -1 -1 -1 -1 0 0 -1 0

# OT_NAFO4_Obs_c
-1 -1 -1 -1 -1 -1 -1 -1 -1 0 0 0 -1 -1 0 -1 0 0 0 0 0 0 0 0 0 0 0 0 0 0 0 0 0 0 0 0 0 0 0 0 0 0 0 0
-1 -1 -1 -1 -1 -1 -1 -1 -1 0 0 0 -1 -1 0 -1 0 0 0 0 0.22411 0 0 0 0 0 0 0 0 0 0 0 0 0 0 0 0 0 0 0 0 0 0 0
-1 -1 -1 -1 -1 -1 -1 -1 -1 0 0 0 -1 -1 0 -1 0 0 0 0 0 0 0 0 0 0 0 0 0 0 0 0 0 0 0 0 0 0 0 0 0 0 0.0189 0
-1 -1 -1 -1 -1 -1 -1 -1 -1 0 0 0 -1 -1 0 -1 0 0 0 0.03877 0.01393 0.00164 0.00492 0 0 0 0 0 0 0 0 0 0 0 0.01183 0 0 0.00445 0 0 0 0.03468 0.01707 0
-1 -1 -1 -1 -1 -1 -1 -1 -1 0 0 0 -1 -1 0 -1 0 0 0.07949 0.07754 0.0128 0.01785 0 0 0 0 0 0 0 0 0.01473 0.01832 0 0.03036 0.05704 0.02759 0.03035 0.01457 0 0 0.00246 0.03815 0.11486 0
-1 -1 -1 -1 -1 -1 -1 -1 -1 0 0 0 -1 -1 0 -1 1 0.04519 0.02756 0.05117 0.04276 0.03108 0.01123 0.00438 0 0 0 0 0 0 0 0.07729 0.02398 0 0.12993 0 0 0.06415 0 0 0.01228 0.23197 0.16096 0
-1 -1 -1 -1 -1 -1 -1 -1 -1 0 0 0.0655 -1 -1 0 -1 0 0.04519 0.04815 0.02067 0.07615 0.07765 0.0807 0.01104 0.00665 0 0 0 0 0 0.05371 0 0 0.03036 0.14163 0 0.03035 0.09316 0 0 0.0732 0.09017 0.07868 0.04
-1 -1 -1 -1 -1 -1 -1 -1 -1 0 0 0.03275 -1 -1 0 -1 0 0.05027 0.04667 0.04212 0.07671 0.07173 0.05568 0.02739 0 0.01143 0 0 0.0364 0.01704 0.30852 0.01832 0 0.03824 0.10603 0.06411 0.15237 0.13029 0 0 0.05291 0.11413 0.07067 0.09476
-1 -1 -1 -1 -1 -1 -1 -1 -1 0 0 0.16403 -1 -1 0 -1 0 0.07124 0.11454 0.02893 0.06189 0.07575 0.09161 0.04292 0.05975 0.03657 0 0.10684 0 0.01704 0.35859 0.04396 0.02398 0 0.08293 0.03031 0.1157 0.13303 0 0 0.03067 0.05809 0.09059 0.04198
-1 -1 -1 -1 -1 -1 -1 -1 -1 0.12466 0 0.0655 -1 -1 0 -1 0 0.044 0.09468 0.062 0.06959 0.06304 0.10673 0.10965 0.05563 0.0256 0.0309 0 0.0364 0.04157 0.10899 0.02271 0.07193 0.02317 0.0514 0.07188 0.10074 0.13183 0 0 0.03381 0.05791 0.05135 0.07315
-1 -1 -1 -1 -1 -1 -1 -1 -1 0.0626 0 0.13315 -1 -1 0 -1 0 0.01842 0.0784 0.10725 0.06773 0.06711 0.08207 0.12202 0.07516 0.07679 0 0 0.15945 0.08605 0.02335 0 0 0.03778 0.03888 0.08483 0.03035 0.08662 0.13088 0 0.03551 0.05292 0.04474 0.02618
-1 -1 -1 -1 -1 -1 -1 -1 -1 0.1252 0.06431 0 -1 -1 0 -1 0 0.01993 0.05176 0.04588 0.0633 0.06601 0.07373 0.1543 0.06101 0.08011 0.05546 0 0.10921 0.0731 0.01881 0 0.06281 0.13094 0.05904 0.03471 0 0.0905 0 0 0.05269 0.02864 0.09253 0.04156
-1 -1 -1 -1 -1 -1 -1 -1 -1 0.49973 0.06431 0.13423 -1 -1 0.04766 -1 0 0.06536 0.04321 0.01294 0.05671 0.06101 0.09089 0.1314 0.11185 0.08868 0.11092 0 0 0.03442 0.01154 0.03663 0.14265 0.10081 0.0749 0.04676 0.08177 0.06245 0.14485 0 0.07121 0.02469 0.07199 0.02618
-1 -1 -1 -1 -1 -1 -1 -1 -1 0.0626 0.19293 0.1353 -1 -1 0 -1 0 0.18798 0.03151 0.02199 0.03905 0.04199 0.08547 0.10225 0.23706 0.18215 0 0 0.15289 0.04226 0.01124 0.15659 0.10597 0.15272 0.07661 0.01295 0.07734 0.0555 0 0.0834 0.10168 0.02892 0.05351 0.05382
-1 -1 -1 -1 -1 -1 -1 -1 -1 0.1252 0.61415 0.1353 -1 -1 0.2374 -1 0 0.11364 0.08105 0.11399 0.05677 0.10211 0.09085 0.09139 0.09909 0.16547 0.21875 0 0.20422 0.16953 0.03257 0.23938 0.11316 0.18331 0.05698 0.15477 0.03098 0.04188 0.12706 0.22309 0.17159 0.13001 0.04597 0.09632
-1 -1 -1 -1 -1 -1 -1 -1 -1 0 0 0 -1 -1 0.14299 -1 0 0.05114 0.03911 0.06952 0.02933 0.09152 0.06902 0.03361 0.06918 0.08753 0.26356 0.22587 0.11431 0.15931 0.0078 0.11337 0.18317 0.05261 0.04347 0.1075 0.09357 0.03344 0.18806 0.33525 0.13124 0.04109 0.02818 0.07751
-1 -1 -1 -1 -1 -1 -1 -1 -1 0 0 0.03383 -1 -1 0.04766 -1 0 0.03995 0.06045 0.09556 0.02876 0.06414 0.04366 0.03221 0.03423 0.07793 0.15047 0.28116 0.05715 0.07923 0.01154 0.03791 0.05298 0 0.02587 0.09209 0.10348 0.023 0 0.08463 0.09321 0.03464 0.01881 0.07014
-1 -1 -1 -1 -1 -1 -1 -1 -1 0 0.06431 0 -1 -1 0 -1 0 0.05607 0.01816 0.01653 0.02203 0.02324 0.0198 0.0272 0.01994 0.02343 0.06658 0.18744 0 0.1036 0.00836 0.05678 0 0.0591 0.01686 0.04585 0.05585 0.00811 0.28208 0.04232 0.05154 0.01907 0.01695 0.09757
-1 -1 -1 -1 -1 -1 -1 -1 -1 0 0 0.03383 -1 -1 0.09533 -1 0 0.00842 0.01844 0.02567 0.01161 0.0176 0.02639 0.03659 0.0428 0.03771 0.04403 0 0 0.03408 0.00468 0.02161 0.02398 0.05029 0.01105 0.06631 0 0.01227 0 0 0.03015 0.00347 0.01551 0.04447
-1 -1 -1 -1 -1 -1 -1 -1 -1 0 0 0 -1 -1 0.04766 -1 0 0.06028 0.01872 0.02343 0.01259 0.0166 0.01863 0.01163 0.05981 0.01326 0.02843 0 0 0.06355 0.00596 0.06392 0.02398 0.0591 0.00496 0.08496 0.02824 0.00154 0 0.09326 0.02723 0 0 0.05569
-1 -1 -1 -1 -1 -1 -1 -1 -1 0 0 0 -1 -1 0.04766 -1 0 0 0.0207 0.0248 0.0036 0.00751 0.01302 0.00736 0.00751 0.0432 0.01545 0.19869 0 0.07923 0 0 0.04795 0 0.00111 0.02642 0 0 0 0.04108 0.00737 0.00388 0.00449 0.02265
-1 -1 -1 -1 -1 -1 -1 -1 -1 0 0 0 -1 -1 0 -1 0 0 0.02501 0.02563 0.00829 0.01957 0.00856 0.02378 0.01329 0.02548 0 0 0.05715 0 0.00648 0.01832 0.02421 0 0.00234 0 0.02677 0.00144 0.12706 0 0.0139 0.00347 0 0.05278
-1 -1 -1 -1 -1 -1 -1 -1 -1 0 0 0 -1 -1 0.09533 -1 0 0.04098 0.01653 0.01339 0.00822 0.0177 0.00443 0.00707 0 0.02468 0 0 0 0 0.00468 0.01868 0 0.02804 0 0 0 0.00233 0 0.05505 0.00246 0 0 0.0319
-1 -1 -1 -1 -1 -1 -1 -1 -1 0 0 0.03383 -1 -1 0 -1 0 0.00794 0.03865 0.01248 0.00279 0.0134 0.00384 0.00427 0.02047 0 0 0 0.0364 0 0 0.01832 0.02733 0 0.00098 0.02746 0 0.0024 0 0 0 0 0 0.01039
-1 -1 -1 -1 -1 -1 -1 -1 -1 0 0 0 -1 -1 0.09533 -1 0 0.0382 0.01265 0.0281 0.0019 0.00582 0.00447 0.00401 0 0 0 0 0 0 0 0 0 0 0.00112 0 0 0 0 0 0.00246 0.00409 0 0.01174
-1 -1 -1 -1 -1 -1 -1 -1 -1 0 0 0 -1 -1 0 -1 0 0.01914 0.00862 0.00413 0.00281 0.00328 0.00136 0 0.00665 0 0 0 0.0364 0 0.00468 0.03791 0 0 0.00391 0 0 0 0 0.04191 0.00246 0 0 0
-1 -1 -1 -1 -1 -1 -1 -1 -1 0 0 0 -1 -1 0.09533 -1 0 0.01668 0 0.00442 0 0.00328 0.00491 0 0 0 0.01545 0 0 0 0.00375 0 0.02398 0.02317 0 0.0215 0.02107 0.00587 0 0 0 0 0 0
-1 -1 -1 -1 -1 -1 -1 -1 -1 0 0 0.03275 -1 -1 0 -1 0 0 0.01102 0.01649 0.00172 0.0071 0 0.00442 0.01329 0 0 0 0 0 0 0 0.02398 0 0.00111 0 0 0 0 0 0 0 0 0.01039
-1 -1 -1 -1 -1 -1 -1 -1 -1 0 0 0 -1 -1 0 -1 0 0 0.00788 0 0 0.00164 0 0 0 0 0 0 0 0 0 0 0.02398 0 0 0 0.02107 0 0 0 0 0 0 0
-1 -1 -1 -1 -1 -1 -1 -1 -1 0 0 0 -1 -1 0 -1 0 0 0 0 0.00155 0.01079 0.00401 0 0 0 0 0 0 0 0 0 0 0 0 0 0 0 0 0 0 0 0.00424 0
-1 -1 -1 -1 -1 -1 -1 -1 -1 0 0 0 -1 -1 0 -1 0 0 0.00703 0 0.00179 0.00492 0 0 0 0 0 0 0 0 0 0 0 0 0 0 0 0 0 0 0 0 0 0
-1 -1 -1 -1 -1 -1 -1 -1 -1 0 0 0 -1 -1 0 -1 0 0 0 0 0.00075 0.00374 0.00134 0 0 0 0 0 0 0 0 0 0 0 0 0 0 0 0 0 0 0 0 0
-1 -1 -1 -1 -1 -1 -1 -1 -1 0 0 0 -1 -1 0 -1 0 0 0 0.00413 0 0.00176 0.00134 0 0.00665 0 0 0 0 0 0 0 0 0 0 0 0 0.00117 0 0 0 0 0 0
-1 -1 -1 -1 -1 -1 -1 -1 -1 0 0 0 -1 -1 0 -1 0 0 0 0 0 0.00164 0 0.00375 0 0 0 0 0 0 0 0 0 0 0 0 0 0 0 0 0 0 0 0
-1 -1 -1 -1 -1 -1 -1 -1 -1 0 0 0 -1 -1 0.04766 -1 0 0 0 0.00422 0 0 0.00134 0.00368 0 0 0 0 0 0 0 0 0 0 0 0 0 0 0 0 0 0 0 0
-1 -1 -1 -1 -1 -1 -1 -1 -1 0 0 0 -1 -1 0 -1 0 0 0 0 0 0.00164 0 0 0 0 0 0 0 0 0 0 0 0 0 0 0 0 0 0 0 0 0 0
-1 -1 -1 -1 -1 -1 -1 -1 -1 0 0 0 -1 -1 0 -1 0 0 0 0 0 0 0 0.00368 0 0 0 0 0 0 0 0 0 0 0 0 0 0 0 0 0 0 0 0.01039
-1 -1 -1 -1 -1 -1 -1 -1 -1 0 0 0 -1 -1 0 -1 0 0 0 0.00413 0.00075 0 0 0 0 0 0 0 0 0 0 0 0 0 0 0 0 0 0 0 0 0 0 0.01039
-1 -1 -1 -1 -1 -1 -1 -1 -1 0 0 0 -1 -1 0 -1 0 0 0 0 0 0 0 0 0 0 0 0 0 0 0 0 0 0 0 0 0 0 0 0 0 0 0 0
-1 -1 -1 -1 -1 -1 -1 -1 -1 0 0 0 -1 -1 0 -1 0 0 0 0 0 0 0 0 0 0 0 0 0 0 0 0 0 0 0 0 0 0 0 0 0 0 0 0
-1 -1 -1 -1 -1 -1 -1 -1 -1 0 0 0 -1 -1 0 -1 0 0 0 0 0 0.00195 0 0 0 0 0 0 0 0 0 0 0 0 0 0 0 0 0 0 0 0 0 0
-1 -1 -1 -1 -1 -1 -1 -1 -1 0 0 0 -1 -1 0 -1 0 0 0 0 0 0.00166 0 0 0 0 0 0 0 0 0 0 0 0 0 0 0 0 0 0 0 0 0 0
-1 -1 -1 -1 -1 -1 -1 -1 -1 0 0 0 -1 -1 0 -1 0 0 0 0 0 0 0 0 0 0 0 0 0 0 0 0 0 0 0 0 0 0 0 0 0 0 0 0
-1 -1 -1 -1 -1 -1 -1 -1 -1 0 0 0 -1 -1 0 -1 0 0 0 0.00413 0 0.00251 0 0 0 0 0 0 0 0 0 0 0 0 0 0 0 0 0 0 0 0 0 0
-1 -1 -1 -1 -1 -1 -1 -1 -1 0 0 0 -1 -1 0 -1 0 0 0 0 0 0 0 0 0 0 0 0 0 0 0 0 0 0 0 0 0 0 0 0 0 0 0 0
-1 -1 -1 -1 -1 -1 -1 -1 -1 0 0 0 -1 -1 0 -1 0 0 0 0 0 0 0 0 0 0 0 0 0 0 0 0 0 0 0 0 0 0 0 0 0 0 0 0
-1 -1 -1 -1 -1 -1 -1 -1 -1 0 0 0 -1 -1 0 -1 0 0 0 0 0 0 0 0 0 0 0 0 0 0 0 0 0 0 0 0 0 0 0 0 0 0 0 0
-1 -1 -1 -1 -1 -1 -1 -1 -1 0 0 0 -1 -1 0 -1 0 0 0 0 0 0 0 0 0 0 0 0 0 0 0 0 0 0 0 0 0 0 0 0 0 0 0 0
-1 -1 -1 -1 -1 -1 -1 -1 -1 0 0 0 -1 -1 0 -1 0 0 0 0 0 0 0 0 0 0 0 0 0 0 0 0 0 0 0 0 0 0 0 0 0 0 0 0
-1 -1 -1 -1 -1 -1 -1 -1 -1 0 0 0 -1 -1 0 -1 0 0 0 0 0 0 0 0 0 0 0 0 0 0 0 0 0 0 0 0 0 0 0 0 0 0 0 0
-1 -1 -1 -1 -1 -1 -1 -1 -1 0 0 0 -1 -1 0 -1 0 0 0 0 0 0 0 0 0 0 0 0 0 0 0 0 0 0 0 0 0 0 0 0 0 0 0 0
-1 -1 -1 -1 -1 -1 -1 -1 -1 0 0 0 -1 -1 0 -1 0 0 0 0 0 0 0 0 0 0 0 0 0 0 0 0 0 0 0 0 0 0 0 0 0 0 0 0
-1 -1 -1 -1 -1 -1 -1 -1 -1 0 0 0 -1 -1 0 -1 0 0 0 0 0 0 0 0 0 0 0 0 0 0 0 0 0 0 0 0 0 0 0 0 0 0 0 0
-1 -1 -1 -1 -1 -1 -1 -1 -1 0 0 0 -1 -1 0 -1 0 0 0 0 0 0 0 0 0 0 0 0 0 0 0 0 0 0 0 0 0 0 0 0 0 0 0 0