## scal_lengths.dat using only 1 fishery and 1 survey 
# nLenSeries
3
# nLenBins
54
# firstBin
1 2 5 
# lastBin
54 36 42 
# binSize
5
# sizeLimit
81 81 81 
# lenIndex
1 2 3 
# lenLikeWeight
1 1 1 
# minLen
11 11 11 
# maxLen
276 276 276 
# lenFirstYear
19 1 29 
# lenLastYear
44 44 44 
# startBins
-1 -1 -1 -1 -1 -1 -1 -1 -1 -1 -1 -1 -1 -1 -1 -1 -1 -1 5 -1 -1 6 8 8 10 14 14 14 14 14 14 14 14 14 14 14 14 14 14 13 14 14 14 14 
4 2 3 3 4 2 1 2 4 5 3 4 6 4 4 2 2 4 1 3 3 5 3 5 5 5 4 4 2 4 -1 3 5 4 1 1 4 4 4 4 1 2 2 2 
-1 -1 -1 -1 -1 -1 -1 -1 -1 -1 -1 -1 -1 -1 -1 -1 -1 -1 -1 -1 -1 -1 -1 -1 -1 -1 -1 -1 10 3 10 10 10 10 11 10 10 10 10 10 10 7 10 10 
-1 -1 -1 -1 -1 -1 -1 -1 -1 -1 -1 -1 -1 -1 -1 -1 -1 -1 8 11 -1 7 13 10 10 14 14 -1 -1 14 15 15 14 14 14 15 14 15 14 14 14 14 14 15 
1 2 1 3 3 1 4 2 4 6 3 4 1 5 5 2 1 4 4 3 1 3 4 4 3 3 5 4 1 3 -1 2 5 4 3 3 4 1 4 4 1 1 2 2 
-1 -1 -1 -1 -1 -1 -1 -1 -1 -1 -1 -1 -1 -1 -1 -1 -1 -1 -1 -1 -1 -1 -1 -1 -1 -1 -1 -1 7 10 11 10 10 10 11 10 10 10 10 10 11 7 10 10 
-1 -1 -1 -1 -1 -1 -1 -1 -1 -1 -1 -1 -1 -1 -1 -1 -1 -1 5 5 -1 6 7 9 9 11 12 13 11 12 8 12 12 12 5 11 10 7 12 10 10 7 9 11 
1 2 1 3 3 1 1 2 4 5 3 4 1 4 4 2 2 4 1 3 1 1 3 4 1 4 4 1 2 3 2 2 5 4 1 3 1 1 4 1 1 1 2 2 
-1 -1 -1 -1 -1 -1 -1 -1 -1 -1 -1 -1 -1 -1 -1 -1 -1 -1 -1 -1 -1 -1 -1 -1 -1 -1 -1 -1 7 5 6 7 6 5 8 5 5 5 5 6 5 6 5 5 
# endBins
-1 -1 -1 -1 -1 -1 -1 -1 -1 -1 -1 -1 -1 -1 -1 -1 -1 -1 26 -1 -1 24 26 28 27 29 32 26 30 30 27 28 27 29 28 28 29 26 28 30 30 29 28 29 
15 21 22 20 21 25 23 23 14 19 18 14 10 22 10 17 19 22 18 20 22 22 21 19 19 19 20 19 17 22 -1 20 19 19 21 19 19 17 18 18 15 18 18 17 
-1 -1 -1 -1 -1 -1 -1 -1 -1 -1 -1 -1 -1 -1 -1 -1 -1 -1 -1 -1 -1 -1 -1 -1 -1 -1 -1 -1 20 17 19 19 18 15 17 18 14 15 16 19 19 18 18 19 
-1 -1 -1 -1 -1 -1 -1 -1 -1 -1 -1 -1 -1 -1 -1 -1 -1 -1 15 15 -1 21 18 18 18 28 24 -1 -1 21 19 18 20 20 20 18 16 17 18 19 20 20 19 20 
24 25 18 23 23 24 19 15 20 13 15 7 17 10 15 17 18 25 23 19 21 21 5 21 15 10 21 17 17 14 -1 19 9 17 17 6 8 7 17 2 17 15 11 12 
-1 -1 -1 -1 -1 -1 -1 -1 -1 -1 -1 -1 -1 -1 -1 -1 -1 -1 -1 -1 -1 -1 -1 -1 -1 -1 -1 -1 7 5 6 10 10 11 10 10 6 9 9 11 11 9 8 8 
-1 -1 -1 -1 -1 -1 -1 -1 -1 -1 -1 -1 -1 -1 -1 -1 -1 -1 18 17 -1 22 19 21 24 26 27 24 24 23 21 21 22 23 23 20 20 18 19 21 22 21 20 21 
15 21 18 20 21 24 19 15 14 19 18 7 10 10 10 17 18 22 18 19 21 21 5 8 15 10 20 17 17 14 17 19 9 17 17 6 8 17 17 15 15 17 15 16 
-1 -1 -1 -1 -1 -1 -1 -1 -1 -1 -1 -1 -1 -1 -1 -1 -1 -1 -1 -1 -1 -1 -1 -1 -1 -1 -1 -1 8 13 11 13 12 12 10 12 12 11 11 13 13 11 12 12 
# nObsBins
-1 -1 -1 -1 -1 -1 -1 -1 -1 -1 -1 -1 -1 -1 -1 -1 -1 -1 22 -1 -1 19 19 21 18 16 19 13 17 17 14 15 14 16 15 15 16 13 15 18 17 16 15 16 
12 20 20 18 18 24 23 22 11 15 16 11 5 19 7 16 18 19 18 18 20 18 19 15 15 15 17 16 16 19 -1 18 15 16 21 19 16 14 15 15 15 17 17 16 
-1 -1 -1 -1 -1 -1 -1 -1 -1 -1 -1 -1 -1 -1 -1 -1 -1 -1 -1 -1 -1 -1 -1 -1 -1 -1 -1 -1 11 15 10 10 9 6 7 9 5 6 7 10 10 12 9 10 
-1 -1 -1 -1 -1 -1 -1 -1 -1 -1 -1 -1 -1 -1 -1 -1 -1 -1 8 5 -1 15 6 9 9 15 11 -1 -1 8 5 4 7 7 7 4 3 3 5 6 7 7 6 6 
24 24 18 21 21 24 16 14 17 8 13 4 17 6 11 16 18 22 20 17 21 19 2 18 13 8 17 14 17 12 -1 18 5 14 15 4 5 7 14 -1 17 15 10 11 
-1 -1 -1 -1 -1 -1 -1 -1 -1 -1 -1 -1 -1 -1 -1 -1 -1 -1 -1 -1 -1 -1 -1 -1 -1 -1 -1 -1 1 -4 -4 1 1 2 0 1 -3 0 0 2 1 3 -1 -1 
-1 -1 -1 -1 -1 -1 -1 -1 -1 -1 -1 -1 -1 -1 -1 -1 -1 -1 14 13 -1 17 13 13 16 16 16 12 14 12 14 10 11 12 19 10 11 12 8 12 13 15 12 11 
15 20 18 18 19 24 19 14 11 15 16 4 10 7 7 16 17 19 18 17 21 21 3 5 15 7 17 17 16 12 16 18 5 14 17 4 8 17 14 15 15 17 14 15 
-1 -1 -1 -1 -1 -1 -1 -1 -1 -1 -1 -1 -1 -1 -1 -1 -1 -1 -1 -1 -1 -1 -1 -1 -1 -1 -1 -1 2 9 6 7 7 8 3 8 8 7 7 8 9 6 8 8 
# lenObsProp_m1
-1 -1 -1 -1 -1 -1 -1 -1 -1 -1 -1 -1 -1 -1 -1 -1 -1 -1 -1 -1 -1 -1 -1 -1 -1 -1 -1 -1 -1 -1 -1 -1 -1 -1 -1 -1 -1 -1 -1 -1 -1 -1 -1 -1 
-1 -1 -1 -1 -1 -1 -1 -1 -1 -1 -1 -1 -1 -1 -1 -1 -1 -1 -1 -1 -1 -1 -1 -1 -1 -1 -1 -1 -1 -1 -1 -1 -1 -1 -1 -1 -1 -1 -1 -1 -1 -1 -1 -1 
-1 -1 -1 -1 -1 -1 -1 -1 -1 -1 -1 -1 -1 -1 -1 -1 -1 -1 -1 -1 -1 -1 -1 -1 -1 -1 -1 -1 -1 -1 -1 -1 -1 -1 -1 -1 -1 -1 -1 -1 -1 -1 -1 -1 
-1 -1 -1 -1 -1 -1 -1 -1 -1 -1 -1 -1 -1 -1 -1 -1 -1 -1 -1 -1 -1 -1 -1 -1 -1 -1 -1 -1 -1 -1 -1 -1 -1 -1 -1 -1 -1 -1 -1 -1 -1 -1 -1 -1 
-1 -1 -1 -1 -1 -1 -1 -1 -1 -1 -1 -1 -1 -1 -1 -1 -1 -1 0.05741915 -1 -1 -1 -1 -1 -1 -1 -1 -1 -1 -1 -1 -1 -1 -1 -1 -1 -1 -1 -1 -1 -1 -1 -1 -1 
-1 -1 -1 -1 -1 -1 -1 -1 -1 -1 -1 -1 -1 -1 -1 -1 -1 -1 0.00561492 -1 -1 0.01092764 -1 -1 -1 -1 -1 -1 -1 -1 -1 -1 -1 -1 -1 -1 -1 -1 -1 -1 -1 -1 -1 -1 
-1 -1 -1 -1 -1 -1 -1 -1 -1 -1 -1 -1 -1 -1 -1 -1 -1 -1 0.01010495 -1 -1 0.008742112 -1 -1 -1 -1 -1 -1 -1 -1 -1 -1 -1 -1 -1 -1 -1 -1 -1 -1 -1 -1 -1 -1 
-1 -1 -1 -1 -1 -1 -1 -1 -1 -1 -1 -1 -1 -1 -1 -1 -1 -1 0.01000269 -1 -1 0.008742112 0.01297768 0.01188141 -1 -1 -1 -1 -1 -1 -1 -1 -1 -1 -1 -1 -1 -1 -1 -1 -1 -1 -1 -1 
-1 -1 -1 -1 -1 -1 -1 -1 -1 -1 -1 -1 -1 -1 -1 -1 -1 -1 0.007962199 -1 -1 0.01748152 0.003243356 0.0180588 -1 -1 -1 -1 -1 -1 -1 -1 -1 -1 -1 -1 -1 -1 -1 -1 -1 -1 -1 -1 
-1 -1 -1 -1 -1 -1 -1 -1 -1 -1 -1 -1 -1 -1 -1 -1 -1 -1 0.01207231 -1 -1 0.006556584 0 0.02289603 0.029740388 -1 -1 -1 -1 -1 -1 -1 -1 -1 -1 -1 -1 -1 -1 -1 -1 -1 -1 -1 
-1 -1 -1 -1 -1 -1 -1 -1 -1 -1 -1 -1 -1 -1 -1 -1 -1 -1 0.0232671 -1 -1 0.006556584 0.003243356 0.01803149 0.01218881 -1 -1 -1 -1 -1 -1 -1 -1 -1 -1 -1 -1 -1 -1 -1 -1 -1 -1 -1 
-1 -1 -1 -1 -1 -1 -1 -1 -1 -1 -1 -1 -1 -1 -1 -1 -1 -1 0.02163031 -1 -1 0.004371056 0.008887306 0.02551227 0.005698427 -1 -1 -1 -1 -1 -1 -1 -1 -1 -1 -1 -1 -1 -1 -1 -1 -1 -1 -1 
-1 -1 -1 -1 -1 -1 -1 -1 -1 -1 -1 -1 -1 -1 -1 -1 -1 -1 0.01333064 -1 -1 0.006556584 0.008914972 0.05416418 0.03600262 -1 -1 -1 -1 -1 -1 -1 -1 -1 -1 -1 -1 -1 -1 0.024960278 -1 -1 -1 -1 
-1 -1 -1 -1 -1 -1 -1 -1 -1 -1 -1 -1 -1 -1 -1 -1 -1 -1 0.03973087 -1 -1 0.02596007 0.03499613 0.08057534 0.06354283 0.039796444 0.071749936 0.0411733776 0.0526009566 0.0411989519 0.029517916 0.041120842 0.03698989 0.04372644 0.06070283 0.01985553 0.02068086 0.03544204 0.029115294 0.05809826 0.035273291 0.0427267101 0.0248715823 0.01106622 
-1 -1 -1 -1 -1 -1 -1 -1 -1 -1 -1 -1 -1 -1 -1 -1 -1 -1 0.04122492 -1 -1 0.1566457 0.1570934 0.08900826 0.2067244 0.2458692 0.3642022 0.2576304 0.2844502 0.198719 0.1668462 0.1585713 0.2036734 0.1969162 0.2188538 0.1483609 0.1413727 0.09862275 0.1532621 0.2427256 0.2600542 0.2024184 0.1957515 0.1214239 
-1 -1 -1 -1 -1 -1 -1 -1 -1 -1 -1 -1 -1 -1 -1 -1 -1 -1 0.08128378 -1 -1 0.1390414 0.1855529 0.09538029 0.1178206 0.2175779 0.2230157 0.2413374 0.239048 0.1999608 0.1544783 0.1696971 0.169303 0.1785578 0.1715014 0.1777562 0.1896459 0.1341411 0.1487688 0.2044873 0.2121768 0.2247737 0.1855626 0.1498196 
-1 -1 -1 -1 -1 -1 -1 -1 -1 -1 -1 -1 -1 -1 -1 -1 -1 -1 0.1119421 -1 -1 0.1233618 0.1482744 0.1242494 0.1064933 0.1367021 0.1475027 0.1730648 0.1581405 0.1747148 0.1488659 0.1394681 0.1414735 0.1536977 0.1546052 0.1689656 0.1742841 0.1288647 0.1466775 0.1408531 0.1686508 0.1769442 0.1563443 0.1602988 
-1 -1 -1 -1 -1 -1 -1 -1 -1 -1 -1 -1 -1 -1 -1 -1 -1 -1 0.1505037 -1 -1 0.1095947 0.07833541 0.03408245 0.1145745 0.1398877 0.07665335 0.1080876 0.1150909 0.1500224 0.1456627 0.1422884 0.1090953 0.1334285 0.1094988 0.1444708 0.1559649 0.1110989 0.1263133 0.1078515 0.1255036 0.1145624 0.1403561 0.1560877 
-1 -1 -1 -1 -1 -1 -1 -1 -1 -1 -1 -1 -1 -1 -1 -1 -1 -1 0.1294358 -1 -1 0.1085414 0.07790057 0.06905551 0.05878315 0.0736555 0.04196754 0.05744902 0.05221509 0.09017197 0.1002826 0.0877759 0.08030388 0.08434225 0.07584884 0.1038241 0.1148899 0.1109156 0.09827948 0.05537442 0.05667006 0.06660031 0.1009111 0.139973 
-1 -1 -1 -1 -1 -1 -1 -1 -1 -1 -1 -1 -1 -1 -1 -1 -1 -1 0.0984322 -1 -1 0.07374976 0.07978686 0.1179059 0.1117667 0.0627393 0.02479212 0.03566249 0.03332795 0.05420371 0.07193462 0.07420292 0.07093205 0.0702506 0.06429408 0.06268434 0.08392397 0.1015845 0.08028611 0.04606593 0.0542717 0.05292828 0.06055162 0.09427991 
-1 -1 -1 -1 -1 -1 -1 -1 -1 -1 -1 -1 -1 -1 -1 -1 -1 -1 0.06247632 -1 -1 0.06115573 0.03015999 0.1098697 0.05621759 0.02756502 0.01702237 0.02458695 0.02349809 0.03545393 0.04608104 0.05389411 0.0582495 0.05046771 0.04649283 0.05651378 0.04433947 0.0707319 0.06793372 0.03688895 0.0325703 0.03763795 0.04415559 0.06337404 
-1 -1 -1 -1 -1 -1 -1 -1 -1 -1 -1 -1 -1 -1 -1 -1 -1 -1 0.02976387 -1 -1 0.03250017 0.03886791 0.0276703 0.01000229 0.02588085 0.01371569 0.01798646 0.01486763 0.02205788 0.04130527 0.04197136 0.03536331 0.02882909 0.03494202 0.04332485 0.03230657 0.05639891 0.04735136 0.03004613 0.01958892 0.02685414 0.03183248 0.04362665 
-1 -1 -1 -1 -1 -1 -1 -1 -1 -1 -1 -1 -1 -1 -1 -1 -1 -1 0.01693303 -1 -1 0.02631007 0.02820383 0.05007322 0.02000458 0.008056427 0.01131932 0.01567373 0.008553748 0.0139196 0.02574612 0.03167463 0.03693737 0.0264393 0.01665535 0.02225062 0.01446514 0.04980638 0.03850037 0.0205398 0.01255305 0.01804091 0.02154893 0.02390422 
-1 -1 -1 -1 -1 -1 -1 -1 -1 -1 -1 -1 -1 -1 -1 -1 -1 -1 0.03243217 -1 -1 0.011799796 0.02242431 0.004857526 0 0.004776183 0.004433295 0.007189232 0.005104383 0.008892164 0.01837917 0.02204141 0.02011321 0.01323862 0.01127823 0.02140293 0.01009862 0.03419885 0.02389866 0.01301085 0.009195467 0.01535661 0.01415978 0.01613828 
-1 -1 -1 -1 -1 -1 -1 -1 -1 -1 -1 -1 -1 -1 -1 -1 -1 -1 0.001673603 -1 -1 -1 0.01731746 0.00789069 0.02230528 0.005702055 0.0007837433 0.004130553 0.004590525 0.003359302 0.01551374 0.01667612 0.0108894 0.006419294 0.01119012 0.01112763 0.005473173 0.02723682 0.01768131 0.009516018 0.004589277 0.008729067 0.008869069 0.006300544 
-1 -1 -1 -1 -1 -1 -1 -1 -1 -1 -1 -1 -1 -1 -1 -1 -1 -1 0.014235467 -1 -1 -1 0.016178805 0.005440595 0.01684776 0.006082072 0.001567487 0.011344708 0.003900514 0.002622648 0.01345078 0.008640689 0.008711361 0.005572584 0.01160524 0.006280841 0.003828726 0.0107161798 0.01117123 0.004380347 0.003855606 0.006072177 0.004777676 0.006346451 
-1 -1 -1 -1 -1 -1 -1 -1 -1 -1 -1 -1 -1 -1 -1 -1 -1 -1 -1 -1 -1 -1 -1 0.02795604 0.011286714 0.001903075 0.0004354129 -1 0.001198844 0.001772974 0.0123797253 0.004991927 0.0130938227 0.00336971 0.002790919 0.0060506 0.003628959 -1 0.00481849 0.002928805 0.001933555 0.002503224 0.006080924 0.003333107 
-1 -1 -1 -1 -1 -1 -1 -1 -1 -1 -1 -1 -1 -1 -1 -1 -1 -1 -1 -1 -1 -1 -1 0.033396635 -1 0.001903075 0 -1 0.0009219686 0.001760148 -1 0.0119771093 -1 0.00194581 0.0125311752 0.0131818988 0.001967519 -1 0.0107608742 0.0007147087 0.001910066 0.002110089 0.0103076692 0.002804299 
-1 -1 -1 -1 -1 -1 -1 -1 -1 -1 -1 -1 -1 -1 -1 -1 -1 -1 -1 -1 -1 -1 -1 -1 -1 0.011791297 0 -1 0.0003027935 0.0003464419 -1 -1 -1 0.0136865411 -1 -1 0.012554618 -1 -1 0.0008948873 0.0002351324 0.0124274085 -1 0.0137071609 
-1 -1 -1 -1 -1 -1 -1 -1 -1 -1 -1 -1 -1 -1 -1 -1 -1 -1 -1 -1 -1 -1 -1 -1 -1 -1 0.0008391595 -1 0.0131025686 0.0106848989 -1 -1 -1 -1 -1 -1 -1 -1 -1 0.0190979244 0.0134917959 -1 -1 -1 
-1 -1 -1 -1 -1 -1 -1 -1 -1 -1 -1 -1 -1 -1 -1 -1 -1 -1 -1 -1 -1 -1 -1 -1 -1 -1 0 -1 -1 -1 -1 -1 -1 -1 -1 -1 -1 -1 -1 -1 -1 -1 -1 -1 
-1 -1 -1 -1 -1 -1 -1 -1 -1 -1 -1 -1 -1 -1 -1 -1 -1 -1 -1 -1 -1 -1 -1 -1 -1 -1 0.0193784177 -1 -1 -1 -1 -1 -1 -1 -1 -1 -1 -1 -1 -1 -1 -1 -1 -1 
-1 -1 -1 -1 -1 -1 -1 -1 -1 -1 -1 -1 -1 -1 -1 -1 -1 -1 -1 -1 -1 -1 -1 -1 -1 -1 -1 -1 -1 -1 -1 -1 -1 -1 -1 -1 -1 -1 -1 -1 -1 -1 -1 -1 
-1 -1 -1 -1 -1 -1 -1 -1 -1 -1 -1 -1 -1 -1 -1 -1 -1 -1 -1 -1 -1 -1 -1 -1 -1 -1 -1 -1 -1 -1 -1 -1 -1 -1 -1 -1 -1 -1 -1 -1 -1 -1 -1 -1 
-1 -1 -1 -1 -1 -1 -1 -1 -1 -1 -1 -1 -1 -1 -1 -1 -1 -1 -1 -1 -1 -1 -1 -1 -1 -1 -1 -1 -1 -1 -1 -1 -1 -1 -1 -1 -1 -1 -1 -1 -1 -1 -1 -1 
-1 -1 -1 -1 -1 -1 -1 -1 -1 -1 -1 -1 -1 -1 -1 -1 -1 -1 -1 -1 -1 -1 -1 -1 -1 -1 -1 -1 -1 -1 -1 -1 -1 -1 -1 -1 -1 -1 -1 -1 -1 -1 -1 -1 
-1 -1 -1 -1 -1 -1 -1 -1 -1 -1 -1 -1 -1 -1 -1 -1 -1 -1 -1 -1 -1 -1 -1 -1 -1 -1 -1 -1 -1 -1 -1 -1 -1 -1 -1 -1 -1 -1 -1 -1 -1 -1 -1 -1 
-1 -1 -1 -1 -1 -1 -1 -1 -1 -1 -1 -1 -1 -1 -1 -1 -1 -1 -1 -1 -1 -1 -1 -1 -1 -1 -1 -1 -1 -1 -1 -1 -1 -1 -1 -1 -1 -1 -1 -1 -1 -1 -1 -1 
-1 -1 -1 -1 -1 -1 -1 -1 -1 -1 -1 -1 -1 -1 -1 -1 -1 -1 -1 -1 -1 -1 -1 -1 -1 -1 -1 -1 -1 -1 -1 -1 -1 -1 -1 -1 -1 -1 -1 -1 -1 -1 -1 -1 
-1 -1 -1 -1 -1 -1 -1 -1 -1 -1 -1 -1 -1 -1 -1 -1 -1 -1 -1 -1 -1 -1 -1 -1 -1 -1 -1 -1 -1 -1 -1 -1 -1 -1 -1 -1 -1 -1 -1 -1 -1 -1 -1 -1 
-1 -1 -1 -1 -1 -1 -1 -1 -1 -1 -1 -1 -1 -1 -1 -1 -1 -1 -1 -1 -1 -1 -1 -1 -1 -1 -1 -1 -1 -1 -1 -1 -1 -1 -1 -1 -1 -1 -1 -1 -1 -1 -1 -1 
-1 -1 -1 -1 -1 -1 -1 -1 -1 -1 -1 -1 -1 -1 -1 -1 -1 -1 -1 -1 -1 -1 -1 -1 -1 -1 -1 -1 -1 -1 -1 -1 -1 -1 -1 -1 -1 -1 -1 -1 -1 -1 -1 -1 
-1 -1 -1 -1 -1 -1 -1 -1 -1 -1 -1 -1 -1 -1 -1 -1 -1 -1 -1 -1 -1 -1 -1 -1 -1 -1 -1 -1 -1 -1 -1 -1 -1 -1 -1 -1 -1 -1 -1 -1 -1 -1 -1 -1 
-1 -1 -1 -1 -1 -1 -1 -1 -1 -1 -1 -1 -1 -1 -1 -1 -1 -1 -1 -1 -1 -1 -1 -1 -1 -1 -1 -1 -1 -1 -1 -1 -1 -1 -1 -1 -1 -1 -1 -1 -1 -1 -1 -1 
-1 -1 -1 -1 -1 -1 -1 -1 -1 -1 -1 -1 -1 -1 -1 -1 -1 -1 -1 -1 -1 -1 -1 -1 -1 -1 -1 -1 -1 -1 -1 -1 -1 -1 -1 -1 -1 -1 -1 -1 -1 -1 -1 -1 
-1 -1 -1 -1 -1 -1 -1 -1 -1 -1 -1 -1 -1 -1 -1 -1 -1 -1 -1 -1 -1 -1 -1 -1 -1 -1 -1 -1 -1 -1 -1 -1 -1 -1 -1 -1 -1 -1 -1 -1 -1 -1 -1 -1 
-1 -1 -1 -1 -1 -1 -1 -1 -1 -1 -1 -1 -1 -1 -1 -1 -1 -1 -1 -1 -1 -1 -1 -1 -1 -1 -1 -1 -1 -1 -1 -1 -1 -1 -1 -1 -1 -1 -1 -1 -1 -1 -1 -1 
-1 -1 -1 -1 -1 -1 -1 -1 -1 -1 -1 -1 -1 -1 -1 -1 -1 -1 -1 -1 -1 -1 -1 -1 -1 -1 -1 -1 -1 -1 -1 -1 -1 -1 -1 -1 -1 -1 -1 -1 -1 -1 -1 -1 
-1 -1 -1 -1 -1 -1 -1 -1 -1 -1 -1 -1 -1 -1 -1 -1 -1 -1 -1 -1 -1 -1 -1 -1 -1 -1 -1 -1 -1 -1 -1 -1 -1 -1 -1 -1 -1 -1 -1 -1 -1 -1 -1 -1 
-1 -1 -1 -1 -1 -1 -1 -1 -1 -1 -1 -1 -1 -1 -1 -1 -1 -1 -1 -1 -1 -1 -1 -1 -1 -1 -1 -1 -1 -1 -1 -1 -1 -1 -1 -1 -1 -1 -1 -1 -1 -1 -1 -1 
-1 -1 -1 -1 -1 -1 -1 -1 -1 -1 -1 -1 -1 -1 -1 -1 -1 -1 -1 -1 -1 -1 -1 -1 -1 -1 -1 -1 -1 -1 -1 -1 -1 -1 -1 -1 -1 -1 -1 -1 -1 -1 -1 -1 
-1 -1 -1 -1 -1 -1 -1 -1 -1 -1 -1 -1 -1 -1 -1 -1 -1 -1 -1 -1 -1 -1 -1 -1 -1 -1 -1 -1 -1 -1 -1 -1 -1 -1 -1 -1 -1 -1 -1 -1 -1 -1 -1 -1 
-1 -1 -1 -1 -1 -1 -1 -1 -1 -1 -1 -1 -1 -1 -1 -1 -1 -1 -1 -1 -1 -1 -1 -1 -1 -1 -1 -1 -1 -1 -1 -1 -1 -1 -1 -1 -1 -1 -1 -1 -1 -1 -1 -1 
-1 -1 -1 -1 -1 -1 -1 -1 -1 -1 -1 -1 -1 -1 -1 -1 -1 -1 -1 -1 -1 -1 -1 -1 -1 -1 -1 -1 -1 -1 -1 -1 -1 -1 -1 -1 -1 -1 -1 -1 -1 -1 -1 -1 
# lenObsProp_m2
-1 -1 -1 -1 -1 -1 0.03195 -1 -1 -1 -1 -1 -1 -1 -1 -1 -1 -1 0.02013 -1 -1 -1 -1 -1 -1 -1 -1 -1 -1 -1 -1 -1 -1 -1 0.03561 0.01917 -1 -1 -1 -1 0.02324 -1 -1 -1 
-1 0.04 -1 -1 -1 0.05046 0 0.05585 -1 -1 -1 -1 -1 -1 -1 0.30131 0.03525 -1 0 -1 -1 -1 -1 -1 -1 -1 -1 -1 0.04238 -1 -1 -1 -1 -1 0 0 -1 -1 -1 -1 0 0.0157 0.04277 0.01273 
-1 0.28002 0.08722 0.06019 -1 0.02262 0 0 -1 -1 0.07017 -1 -1 -1 -1 0 0.1527 -1 0 0.07496 0.01572 -1 0.02248 -1 -1 -1 -1 -1 0.05328 -1 -1 0.09534 -1 -1 0.03355 0 -1 -1 -1 -1 0.01812 0.02376 0 0.0349 
0.09222 0.04 0.3557 0 0.09035 0.05253 0.02113 0 0.06824 -1 0.12687 0.02435 -1 0.09165 0.07751 0.03479 0.03687 0.08756 0.29308 0.14589 0.10682 -1 0.04588 -1 -1 -1 0.15469 0.15599 0.18344 0.2957 -1 0.11759 -1 0.07704 0.09619 0.06878 0.08326 0.06697 0.16819 0.03809 0.12575 0.08411 0.08215 0.06409 
0.09222 0 0.04424 0.06988 0.06393 0.13821 0.09323 0.34899 0.0328 0.02047 0.02625 0.01046 -1 0.12435 0 0.10939 0.21185 0.08917 0.23069 0.11283 0.17113 0.12331 0 0.0536 0.11738 0.27886 0.03672 0.01051 0.04772 0 -1 0.08266 0.04125 0.24565 0.12332 0.14261 0.09732 0.09525 0.04476 0.10424 0.19836 0.0985 0.12258 0.09198 
0 0.19796 0 0.2852 0.11883 0.16695 0.14196 0.21155 0.11101 0.17247 0.14205 0.14021 0.05327 0 0.05706 0 0.1542 0.24544 0.06865 0.07616 0.23766 0.10059 0.06456 0 0 0.10826 0.05752 0.10363 0.16707 0.08182 -1 0.07834 0.10014 0.11026 0.11163 0.2051 0.21075 0.09497 0.06668 0.10986 0.04228 0.26011 0.06693 0.0527 
0.06156 0.03738 0.16807 0.07229 0.23075 0.25851 0.2149 0.08277 0.23563 0.08292 0.04408 0.14199 0.04815 0 0.02629 0 0.03687 0.14212 0.17229 0.08431 0.06376 0.17911 0.06366 0.07455 0.10391 0.21111 0.1487 0.22248 0.05154 0.25038 -1 0.10435 0 0.15394 0.10213 0.15367 0.02487 0.11217 0.02079 0.18062 0.04872 0.18343 0.20427 0.02932 
0.20661 0.06096 0 0.07513 0.14789 0.11891 0.16285 0.13454 0.10492 0.04304 0.06114 0.16342 0.13574 0.13874 0.09053 0.0599 0.12075 0.10274 0.10083 0.0441 0.14717 0.20572 0.12892 0.16032 0.06596 0.09267 0.11793 0.03972 0.07994 0.06712 -1 0.04185 0.10198 0.02053 0.08585 0.10506 0.23017 0.12042 0.09036 0.07561 0.12588 0.02054 0.08198 0.03227 
0 0 0 0.10239 0 0.0747 0.18792 0.03022 0.15707 0.16934 0.12394 0.06782 0.12043 0.21886 0.15608 0.03479 0.06182 0.03228 0.02234 0 0 0.01815 0.18746 0.06926 0.16055 0.1067 0.10402 0 0.02117 0.08911 -1 0.13694 0.08176 0.21472 0.03345 0.10213 0.03682 0.12024 0.08404 0.02948 0.13826 0.04106 0.13169 0.15701 
0 0.1483 0 0.06524 0.29071 0.09035 0.01175 0.05303 0 0.08275 0.12942 0.08407 0.02344 0.23479 0.07968 0.0599 0 0 0.0207 0.19565 0.02134 0.1928 0.19654 0 0.20449 0.04081 0.0826 0.14221 0 0 -1 0.05115 0 0.05671 0 0.05653 0.12598 0.13204 0.0974 0.01323 0.02646 0.06528 0.01608 0.12242 
0.06156 0 0 0 0 0.02676 0.01103 0.02055 0.03656 0.13052 0.07127 0.1321 -1 0 -1 0 0.01745 0.14638 0.01896 0.09135 0.05366 0 0.17726 0.02528 0.15435 0.05186 0 0 0.02966 0 -1 0.09942 0.12011 0 0.10817 0.02522 0 0.01743 0.1557 0.03426 0.06901 0.00348 0.07762 0.08794 
0.16208 0.09753 0 0.07367 0 0 0.10214 0.01446 0.00796 0.11616 0.07357 0.17647 -1 0 -1 0.14083 0 0 0 0.00544 0.04267 0.15544 0.08068 0.41389 0.05796 0.03721 0.03329 0.03406 0.02966 0.06838 -1 0.03304 0.1887 0.0821 0.02595 0.01868 0.04642 0.0686 0.0868 0.02641 0.08583 0.06728 0.0162 0.06052 
0 0.03425 0.03273 0.10072 0 0 0.02113 0.04062 0.00796 0.05297 0.06421 0 -1 0 -1 0.08967 0.03045 0 0 0.04556 0.065 0 0 0.02528 0.0856 0.0276 0.01354 0 0.06745 0.05837 -1 0.08397 0.16387 0 0.04413 0.02166 0.10709 0.04993 0.02642 0.05214 0.04343 0.04693 0.02613 0.08505 
0 0 0.31205 0.05493 0 0 0 0.00741 0.03124 0.07024 0.01063 0.02435 -1 0.19161 -1 0.08967 0 0.1543 0.02558 0.10171 0.07508 0.02488 0 0.05147 0 0 0.07196 0.10845 0.12555 0.08911 -1 0.05829 0.13093 0 0.11849 0 0 0.03628 0.02642 0.11682 0.01239 0.04047 0.0494 0.02459 
0.0901 0.06359 0 0.02017 0.05754 0 0 0 -1 0.01785 0 -1 -1 0 -1 0 0 0 0 0 0 0 0.03255 0.05986 0 0.02245 0.12076 0.12555 0.02707 0 -1 0 0 0 0.08155 0.00642 0 0 0.06429 0.16779 0.0254 0.00476 0.06782 0.05652 
-1 0 0 0.02017 0 0 0 0 -1 0.01785 0.04576 -1 -1 0 -1 0.03479 0.09205 0 0 0.02205 0 0 0 0 0 0 0.05827 0 0.03826 0 -1 0.01704 0.04977 0 0 0.04832 0 0 0.05284 0.02447 -1 0.01194 0 0.03152 
-1 0 0 0 0 0 0 0 -1 0.02341 0 -1 -1 0 -1 0.04497 0.04973 0 0 0 0 0 0 0.0665 0.0498 0.02245 0 0.05739 0.03581 0 -1 0 0.02149 0.03906 0 0.02666 0.03731 0.02749 0 0 -1 0.01552 0 0.03152 
-1 0 0 0 0 0 0 0 -1 0 0.01063 -1 -1 0 -1 -1 0 0 0.02676 0 0 0 0 0 0 0 0 0 -1 0 -1 0 0 0 0 0 0 -1 0.0153 0.02696 -1 0.01712 0.01441 -1 
-1 0 0 0 0 0 0 0 -1 0.02341 -1 -1 -1 0 -1 -1 0.04973 0 -1 0 0 0 0 0.0665 0.0498 0.02245 0 0.05739 -1 0 -1 0 0.02149 0.03906 0 0.02666 0.03731 -1 -1 -1 -1 -1 -1 -1 
-1 0 0 0.02017 0 0 0 0 -1 -1 -1 -1 -1 0 -1 -1 -1 0 -1 0.02205 0 0 0 -1 -1 -1 0.05827 -1 -1 0 -1 0.01704 -1 -1 0 -1 -1 -1 -1 -1 -1 -1 -1 -1 
-1 0.06359 0 -1 0.05754 0 0 0 -1 -1 -1 -1 -1 0 -1 -1 -1 0 -1 -1 0 0 0.03255 -1 -1 -1 -1 -1 -1 0 -1 -1 -1 -1 0.08155 -1 -1 -1 -1 -1 -1 -1 -1 -1 
-1 -1 0.31205 -1 -1 0 0 0 -1 -1 -1 -1 -1 0.19161 -1 -1 -1 0.1543 -1 -1 0.07508 0.02488 -1 -1 -1 -1 -1 -1 -1 0.08911 -1 -1 -1 -1 -1 -1 -1 -1 -1 -1 -1 -1 -1 -1 
-1 -1 -1 -1 -1 0 0.02113 0.04803 -1 -1 -1 -1 -1 -1 -1 -1 -1 -1 -1 -1 -1 -1 -1 -1 -1 -1 -1 -1 -1 -1 -1 -1 -1 -1 -1 -1 -1 -1 -1 -1 -1 -1 -1 -1 
-1 -1 -1 -1 -1 0 -1 -1 -1 -1 -1 -1 -1 -1 -1 -1 -1 -1 -1 -1 -1 -1 -1 -1 -1 -1 -1 -1 -1 -1 -1 -1 -1 -1 -1 -1 -1 -1 -1 -1 -1 -1 -1 -1 
-1 -1 -1 -1 -1 0.02676 -1 -1 -1 -1 -1 -1 -1 -1 -1 -1 -1 -1 -1 -1 -1 -1 -1 -1 -1 -1 -1 -1 -1 -1 -1 -1 -1 -1 -1 -1 -1 -1 -1 -1 -1 -1 -1 -1 
-1 -1 -1 -1 -1 -1 -1 -1 -1 -1 -1 -1 -1 -1 -1 -1 -1 -1 -1 -1 -1 -1 -1 -1 -1 -1 -1 -1 -1 -1 -1 -1 -1 -1 -1 -1 -1 -1 -1 -1 -1 -1 -1 -1 
-1 -1 -1 -1 -1 -1 -1 -1 -1 -1 -1 -1 -1 -1 -1 -1 -1 -1 -1 -1 -1 -1 -1 -1 -1 -1 -1 -1 -1 -1 -1 -1 -1 -1 -1 -1 -1 -1 -1 -1 -1 -1 -1 -1 
-1 -1 -1 -1 -1 -1 -1 -1 -1 -1 -1 -1 -1 -1 -1 -1 -1 -1 -1 -1 -1 -1 -1 -1 -1 -1 -1 -1 -1 -1 -1 -1 -1 -1 -1 -1 -1 -1 -1 -1 -1 -1 -1 -1 
-1 -1 -1 -1 -1 -1 -1 -1 -1 -1 -1 -1 -1 -1 -1 -1 -1 -1 -1 -1 -1 -1 -1 -1 -1 -1 -1 -1 -1 -1 -1 -1 -1 -1 -1 -1 -1 -1 -1 -1 -1 -1 -1 -1 
-1 -1 -1 -1 -1 -1 -1 -1 -1 -1 -1 -1 -1 -1 -1 -1 -1 -1 -1 -1 -1 -1 -1 -1 -1 -1 -1 -1 -1 -1 -1 -1 -1 -1 -1 -1 -1 -1 -1 -1 -1 -1 -1 -1 
-1 -1 -1 -1 -1 -1 -1 -1 -1 -1 -1 -1 -1 -1 -1 -1 -1 -1 -1 -1 -1 -1 -1 -1 -1 -1 -1 -1 -1 -1 -1 -1 -1 -1 -1 -1 -1 -1 -1 -1 -1 -1 -1 -1 
-1 -1 -1 -1 -1 -1 -1 -1 -1 -1 -1 -1 -1 -1 -1 -1 -1 -1 -1 -1 -1 -1 -1 -1 -1 -1 -1 -1 -1 -1 -1 -1 -1 -1 -1 -1 -1 -1 -1 -1 -1 -1 -1 -1 
-1 -1 -1 -1 -1 -1 -1 -1 -1 -1 -1 -1 -1 -1 -1 -1 -1 -1 -1 -1 -1 -1 -1 -1 -1 -1 -1 -1 -1 -1 -1 -1 -1 -1 -1 -1 -1 -1 -1 -1 -1 -1 -1 -1 
-1 -1 -1 -1 -1 -1 -1 -1 -1 -1 -1 -1 -1 -1 -1 -1 -1 -1 -1 -1 -1 -1 -1 -1 -1 -1 -1 -1 -1 -1 -1 -1 -1 -1 -1 -1 -1 -1 -1 -1 -1 -1 -1 -1 
-1 -1 -1 -1 -1 -1 -1 -1 -1 -1 -1 -1 -1 -1 -1 -1 -1 -1 -1 -1 -1 -1 -1 -1 -1 -1 -1 -1 -1 -1 -1 -1 -1 -1 -1 -1 -1 -1 -1 -1 -1 -1 -1 -1 
# lenObsProp_m3
-1 -1 -1 -1 -1 -1 -1 -1 -1 -1 -1 -1 -1 -1 -1 -1 -1 -1 -1 -1 -1 -1 -1 -1 -1 -1 -1 -1 -1 -1 -1 -1 -1 -1 -1 -1 -1 -1 -1 -1 -1 -1 -1 -1 
-1 -1 -1 -1 -1 -1 -1 -1 -1 -1 -1 -1 -1 -1 -1 -1 -1 -1 -1 -1 -1 -1 -1 -1 -1 -1 -1 -1 -1 -1 -1 -1 -1 -1 -1 -1 -1 -1 -1 -1 -1 -1 -1 -1 
-1 -1 -1 -1 -1 -1 -1 -1 -1 -1 -1 -1 -1 -1 -1 -1 -1 -1 -1 -1 -1 -1 -1 -1 -1 -1 -1 -1 -1 0.01224 -1 -1 -1 -1 -1 -1 -1 -1 -1 -1 -1 -1 -1 -1 
-1 -1 -1 -1 -1 -1 -1 -1 -1 -1 -1 -1 -1 -1 -1 -1 -1 -1 -1 -1 -1 -1 -1 -1 -1 -1 -1 -1 -1 0 -1 -1 -1 -1 -1 -1 -1 -1 -1 -1 -1 -1 -1 -1 
-1 -1 -1 -1 -1 -1 -1 -1 -1 -1 -1 -1 -1 -1 -1 -1 -1 -1 -1 -1 -1 -1 -1 -1 -1 -1 -1 -1 -1 0 -1 -1 -1 -1 -1 -1 -1 -1 -1 -1 -1 -1 -1 -1 
-1 -1 -1 -1 -1 -1 -1 -1 -1 -1 -1 -1 -1 -1 -1 -1 -1 -1 -1 -1 -1 -1 -1 -1 -1 -1 -1 -1 -1 0 -1 -1 -1 -1 -1 -1 -1 -1 -1 -1 -1 -1 -1 -1 
-1 -1 -1 -1 -1 -1 -1 -1 -1 -1 -1 -1 -1 -1 -1 -1 -1 -1 -1 -1 -1 -1 -1 -1 -1 -1 -1 -1 -1 0 -1 -1 -1 -1 -1 -1 -1 -1 -1 -1 -1 0.02057 -1 -1 
-1 -1 -1 -1 -1 -1 -1 -1 -1 -1 -1 -1 -1 -1 -1 -1 -1 -1 -1 -1 -1 -1 -1 -1 -1 -1 -1 -1 -1 0 -1 -1 -1 -1 -1 -1 -1 -1 -1 -1 -1 0.02743 -1 -1 
-1 -1 -1 -1 -1 -1 -1 -1 -1 -1 -1 -1 -1 -1 -1 -1 -1 -1 -1 -1 -1 -1 -1 -1 -1 -1 -1 -1 -1 0 -1 -1 -1 -1 -1 -1 -1 -1 -1 -1 -1 0.05029 -1 -1 
-1 -1 -1 -1 -1 -1 -1 -1 -1 -1 -1 -1 -1 -1 -1 -1 -1 -1 -1 -1 -1 -1 -1 -1 -1 -1 -1 -1 0.06809 0.05306 0.0418 0.05338 0.03659 0.07772 -1 0.05285 0.03896 0.0303 0.0583 0.0537 0.02856 0.08686 0.04717 0.03339 
-1 -1 -1 -1 -1 -1 -1 -1 -1 -1 -1 -1 -1 -1 -1 -1 -1 -1 -1 -1 -1 -1 -1 -1 -1 -1 -1 -1 0.27234 0.25714 0.12862 0.2669 0.21545 0.2228 0.12609 0.21951 0.24675 0.09091 0.13004 0.26111 0.26984 0.24 0.23585 0.29889 
-1 -1 -1 -1 -1 -1 -1 -1 -1 -1 -1 -1 -1 -1 -1 -1 -1 -1 -1 -1 -1 -1 -1 -1 -1 -1 -1 -1 0.25532 0.22449 0.19293 0.19929 0.21138 0.2228 0.21304 0.20325 0.09091 0.1697 0.17937 0.18519 0.19365 0.18971 0.25472 0.22417 
-1 -1 -1 -1 -1 -1 -1 -1 -1 -1 -1 -1 -1 -1 -1 -1 -1 -1 -1 -1 -1 -1 -1 -1 -1 -1 -1 -1 0.22979 0.17551 0.21543 0.12456 0.18699 0.12953 0.21739 0.17073 0.14286 0.20606 0.19283 0.15741 0.19365 0.12457 0.1717 0.1399 
-1 -1 -1 -1 -1 -1 -1 -1 -1 -1 -1 -1 -1 -1 -1 -1 -1 -1 -1 -1 -1 -1 -1 -1 -1 -1 -1 -1 0.09787 0.0898 0.1672 0.13167 0.12602 0.12435 0.10435 0.10976 0.01299 0.18788 0.13901 0.14444 0.10159 0.09029 0.11132 0.10175 
-1 -1 -1 -1 -1 -1 -1 -1 -1 -1 -1 -1 -1 -1 -1 -1 -1 -1 -1 -1 -1 -1 -1 -1 -1 -1 -1 -1 0.01277 0.08163 0.10611 0.07117 0.06098 0.01036 0.10435 0.0813 -1 0.01212 0.05381 0.0537 0.08254 0.04229 0.05472 0.06995 
-1 -1 -1 -1 -1 -1 -1 -1 -1 -1 -1 -1 -1 -1 -1 -1 -1 -1 -1 -1 -1 -1 -1 -1 -1 -1 -1 -1 0.02128 0.03265 0.05788 0.05694 0.06098 -1 0.07391 0.04065 -1 -1 0.01345 0.05 0.05714 0.03314 0.0434 0.04928 
-1 -1 -1 -1 -1 -1 -1 -1 -1 -1 -1 -1 -1 -1 -1 -1 -1 -1 -1 -1 -1 -1 -1 -1 -1 -1 -1 -1 0.00851 0.01224 0.03215 0.02491 0.03252 -1 0.01739 0.06098 -1 -1 -1 0.02593 0.0254 0.02971 0.03396 0.02862 
-1 -1 -1 -1 -1 -1 -1 -1 -1 -1 -1 -1 -1 -1 -1 -1 -1 -1 -1 -1 -1 -1 -1 -1 -1 -1 -1 -1 0.01277 -1 0.01286 0.03203 0.0122 -1 -1 0.02034 -1 -1 -1 0.02778 0 0.01028 0.01133 0.02385 
-1 -1 -1 -1 -1 -1 -1 -1 -1 -1 -1 -1 -1 -1 -1 -1 -1 -1 -1 -1 -1 -1 -1 -1 -1 -1 -1 -1 0.01702 -1 0.02573 0.02847 -1 -1 -1 -1 -1 -1 -1 0.02036 0.01587 -1 -1 0.02067 
-1 -1 -1 -1 -1 -1 -1 -1 -1 -1 -1 -1 -1 -1 -1 -1 -1 -1 -1 -1 -1 -1 -1 -1 -1 -1 -1 -1 0.02128 -1 -1 -1 -1 -1 -1 -1 -1 -1 -1 -1 -1 -1 -1 -1 
-1 -1 -1 -1 -1 -1 -1 -1 -1 -1 -1 -1 -1 -1 -1 -1 -1 -1 -1 -1 -1 -1 -1 -1 -1 -1 -1 -1 -1 -1 -1 -1 -1 -1 -1 -1 -1 -1 -1 -1 -1 -1 -1 -1 
-1 -1 -1 -1 -1 -1 -1 -1 -1 -1 -1 -1 -1 -1 -1 -1 -1 -1 -1 -1 -1 -1 -1 -1 -1 -1 -1 -1 -1 -1 -1 -1 -1 -1 -1 -1 -1 -1 -1 -1 -1 -1 -1 -1 
-1 -1 -1 -1 -1 -1 -1 -1 -1 -1 -1 -1 -1 -1 -1 -1 -1 -1 -1 -1 -1 -1 -1 -1 -1 -1 -1 -1 -1 -1 -1 -1 -1 -1 -1 -1 -1 -1 -1 -1 -1 -1 -1 -1 
-1 -1 -1 -1 -1 -1 -1 -1 -1 -1 -1 -1 -1 -1 -1 -1 -1 -1 -1 -1 -1 -1 -1 -1 -1 -1 -1 -1 -1 -1 -1 -1 -1 -1 -1 -1 -1 -1 -1 -1 -1 -1 -1 -1 
-1 -1 -1 -1 -1 -1 -1 -1 -1 -1 -1 -1 -1 -1 -1 -1 -1 -1 -1 -1 -1 -1 -1 -1 -1 -1 -1 -1 -1 -1 -1 -1 -1 -1 -1 -1 -1 -1 -1 -1 -1 -1 -1 -1 
-1 -1 -1 -1 -1 -1 -1 -1 -1 -1 -1 -1 -1 -1 -1 -1 -1 -1 -1 -1 -1 -1 -1 -1 -1 -1 -1 -1 -1 -1 -1 -1 -1 -1 -1 -1 -1 -1 -1 -1 -1 -1 -1 -1 
-1 -1 -1 -1 -1 -1 -1 -1 -1 -1 -1 -1 -1 -1 -1 -1 -1 -1 -1 -1 -1 -1 -1 -1 -1 -1 -1 -1 -1 -1 -1 -1 -1 -1 -1 -1 -1 -1 -1 -1 -1 -1 -1 -1 
-1 -1 -1 -1 -1 -1 -1 -1 -1 -1 -1 -1 -1 -1 -1 -1 -1 -1 -1 -1 -1 -1 -1 -1 -1 -1 -1 -1 -1 -1 -1 -1 -1 -1 -1 -1 -1 -1 -1 -1 -1 -1 -1 -1 
-1 -1 -1 -1 -1 -1 -1 -1 -1 -1 -1 -1 -1 -1 -1 -1 -1 -1 -1 -1 -1 -1 -1 -1 -1 -1 -1 -1 -1 -1 -1 -1 -1 -1 -1 -1 -1 -1 -1 -1 -1 -1 -1 -1 
-1 -1 -1 -1 -1 -1 -1 -1 -1 -1 -1 -1 -1 -1 -1 -1 -1 -1 -1 -1 -1 -1 -1 -1 -1 -1 -1 -1 -1 -1 -1 -1 -1 -1 -1 -1 -1 -1 -1 -1 -1 -1 -1 -1 
-1 -1 -1 -1 -1 -1 -1 -1 -1 -1 -1 -1 -1 -1 -1 -1 -1 -1 -1 -1 -1 -1 -1 -1 -1 -1 -1 -1 -1 -1 -1 -1 -1 -1 -1 -1 -1 -1 -1 -1 -1 -1 -1 -1 
-1 -1 -1 -1 -1 -1 -1 -1 -1 -1 -1 -1 -1 -1 -1 -1 -1 -1 -1 -1 -1 -1 -1 -1 -1 -1 -1 -1 -1 -1 -1 -1 -1 -1 -1 -1 -1 -1 -1 -1 -1 -1 -1 -1 
-1 -1 -1 -1 -1 -1 -1 -1 -1 -1 -1 -1 -1 -1 -1 -1 -1 -1 -1 -1 -1 -1 -1 -1 -1 -1 -1 -1 -1 -1 -1 -1 -1 -1 -1 -1 -1 -1 -1 -1 -1 -1 -1 -1 
-1 -1 -1 -1 -1 -1 -1 -1 -1 -1 -1 -1 -1 -1 -1 -1 -1 -1 -1 -1 -1 -1 -1 -1 -1 -1 -1 -1 -1 -1 -1 -1 -1 -1 -1 -1 -1 -1 -1 -1 -1 -1 -1 -1 
-1 -1 -1 -1 -1 -1 -1 -1 -1 -1 -1 -1 -1 -1 -1 -1 -1 -1 -1 -1 -1 -1 -1 -1 -1 -1 -1 -1 -1 -1 -1 -1 -1 -1 -1 -1 -1 -1 -1 -1 -1 -1 -1 -1 
-1 -1 -1 -1 -1 -1 -1 -1 -1 -1 -1 -1 -1 -1 -1 -1 -1 -1 -1 -1 -1 -1 -1 -1 -1 -1 -1 -1 -1 -1 -1 -1 -1 -1 -1 -1 -1 -1 -1 -1 -1 -1 -1 -1 
-1 -1 -1 -1 -1 -1 -1 -1 -1 -1 -1 -1 -1 -1 -1 -1 -1 -1 -1 -1 -1 -1 -1 -1 -1 -1 -1 -1 -1 -1 -1 -1 -1 -1 -1 -1 -1 -1 -1 -1 -1 -1 -1 -1 
-1 -1 -1 -1 -1 -1 -1 -1 -1 -1 -1 -1 -1 -1 -1 -1 -1 -1 -1 -1 -1 -1 -1 -1 -1 -1 -1 -1 -1 -1 -1 -1 -1 -1 -1 -1 -1 -1 -1 -1 -1 -1 -1 -1 
# lenObsProp_f1
-1 -1 -1 -1 -1 -1 -1 -1 -1 -1 -1 -1 -1 -1 -1 -1 -1 -1 -1 -1 -1 -1 -1 -1 -1 -1 -1 -1 -1 -1 -1 -1 -1 -1 -1 -1 -1 -1 -1 -1 -1 -1 -1 -1 
-1 -1 -1 -1 -1 -1 -1 -1 -1 -1 -1 -1 -1 -1 -1 -1 -1 -1 -1 -1 -1 -1 -1 -1 -1 -1 -1 -1 -1 -1 -1 -1 -1 -1 -1 -1 -1 -1 -1 -1 -1 -1 -1 -1 
-1 -1 -1 -1 -1 -1 -1 -1 -1 -1 -1 -1 -1 -1 -1 -1 -1 -1 -1 -1 -1 -1 -1 -1 -1 -1 -1 -1 -1 -1 -1 -1 -1 -1 -1 -1 -1 -1 -1 -1 -1 -1 -1 -1 
-1 -1 -1 -1 -1 -1 -1 -1 -1 -1 -1 -1 -1 -1 -1 -1 -1 -1 -1 -1 -1 -1 -1 -1 -1 -1 -1 -1 -1 -1 -1 -1 -1 -1 -1 -1 -1 -1 -1 -1 -1 -1 -1 -1 
-1 -1 -1 -1 -1 -1 -1 -1 -1 -1 -1 -1 -1 -1 -1 -1 -1 -1 -1 -1 -1 -1 -1 -1 -1 -1 -1 -1 -1 -1 -1 -1 -1 -1 -1 -1 -1 -1 -1 -1 -1 -1 -1 -1 
-1 -1 -1 -1 -1 -1 -1 -1 -1 -1 -1 -1 -1 -1 -1 -1 -1 -1 -1 -1 -1 -1 -1 -1 -1 -1 -1 -1 -1 -1 -1 -1 -1 -1 -1 -1 -1 -1 -1 -1 -1 -1 -1 -1 
-1 -1 -1 -1 -1 -1 -1 -1 -1 -1 -1 -1 -1 -1 -1 -1 -1 -1 -1 -1 -1 0.025512702 -1 -1 -1 -1 -1 -1 -1 -1 -1 -1 -1 -1 -1 -1 -1 -1 -1 -1 -1 -1 -1 -1 
-1 -1 -1 -1 -1 -1 -1 -1 -1 -1 -1 -1 -1 -1 -1 -1 -1 -1 0.01616657 -1 -1 0.01926419 -1 -1 -1 -1 -1 -1 -1 -1 -1 -1 -1 -1 -1 -1 -1 -1 -1 -1 -1 -1 -1 -1 
-1 -1 -1 -1 -1 -1 -1 -1 -1 -1 -1 -1 -1 -1 -1 -1 -1 -1 0.04676605 -1 -1 0.0174407 -1 -1 -1 -1 -1 -1 -1 -1 -1 -1 -1 -1 -1 -1 -1 -1 -1 -1 -1 -1 -1 -1 
-1 -1 -1 -1 -1 -1 -1 -1 -1 -1 -1 -1 -1 -1 -1 -1 -1 -1 0.02169564 -1 -1 0.01006838 -1 0.01893046 0.019568072 -1 -1 -1 -1 -1 -1 -1 -1 -1 -1 -1 -1 -1 -1 -1 -1 -1 -1 -1 
-1 -1 -1 -1 -1 -1 -1 -1 -1 -1 -1 -1 -1 -1 -1 -1 -1 -1 0.02636393 0.025005045 -1 0 -1 0.01659283 0.01498942 -1 -1 -1 -1 -1 -1 -1 -1 -1 -1 -1 -1 -1 -1 -1 -1 -1 -1 -1 
-1 -1 -1 -1 -1 -1 -1 -1 -1 -1 -1 -1 -1 -1 -1 -1 -1 -1 0.004342477 0.02118846 -1 0.008069296 -1 0.03458933 0.02954354 -1 -1 -1 -1 -1 -1 -1 -1 -1 -1 -1 -1 -1 -1 -1 -1 -1 -1 -1 
-1 -1 -1 -1 -1 -1 -1 -1 -1 -1 -1 -1 -1 -1 -1 -1 -1 -1 0.01784316 0 -1 0.005040946 0.021841571 0.01621799 0.03470172 -1 -1 -1 -1 -1 -1 -1 -1 -1 -1 -1 -1 -1 -1 -1 -1 -1 -1 -1 
-1 -1 -1 -1 -1 -1 -1 -1 -1 -1 -1 -1 -1 -1 -1 -1 -1 -1 0.02082355 0.01535038 -1 0.01614751 0.02082448 0.03050771 0.07292004 0.018606284 0.0271368371 -1 -1 0.01041169 -1 -1 0.0183535664 0.01446308 0.011008641 -1 0.01150576 -1 0.0123670269 0.043505339 0.01667493 0.0120680283 0.0135121768 -1 
-1 -1 -1 -1 -1 -1 -1 -1 -1 -1 -1 -1 -1 -1 -1 -1 -1 -1 0.011157073 0.013156181 -1 0.0842842 0.1382698 0.02822065 0.08573622 0.1134908 0.1430145 -1 -1 0.07634441 0.079067541 0.061492411 0.0817609 0.07142014 0.1050343 0.037089235 0.05486369 0.037314981 0.0505484 0.1423983 0.1135416 0.08708981 0.08124103 0.0449657209 
-1 -1 -1 -1 -1 -1 -1 -1 -1 -1 -1 -1 -1 -1 -1 -1 -1 -1 -1 -1 -1 0.1594313 0.08766802 0.1064065 0.1075037 0.1381041 0.1535591 -1 -1 0.09180977 0.06278088 0.0642879 0.08680126 0.07213484 0.1209281 0.04735495 0.010035848 0.04721206 0.0548526 0.1342729 0.1208906 0.09228822 0.07591708 0.05266003 
-1 -1 -1 -1 -1 -1 -1 -1 -1 -1 -1 -1 -1 -1 -1 -1 -1 -1 -1 -1 -1 0.1222575 0.09857067 0.1195527 0.1061981 0.1978786 0.1395031 -1 -1 0.09390044 0.07339338 0.07036861 0.08194276 0.08766998 0.08095919 0.07438211 -1 0.0145561476 0.05714455 0.1109684 0.1248674 0.1069711 0.07934492 0.05712236 
-1 -1 -1 -1 -1 -1 -1 -1 -1 -1 -1 -1 -1 -1 -1 -1 -1 -1 -1 -1 -1 0.09384581 0.013731366 0.037246234 0.01059466 0.166226 0.1213227 -1 -1 0.101787 0.08375714 0.012072197 0.07301756 0.08777571 0.08314904 0.0116782118 -1 -1 0.0145532733 0.09475314 0.1141372 0.1036201 0.07623885 0.06337024 
-1 -1 -1 -1 -1 -1 -1 -1 -1 -1 -1 -1 -1 -1 -1 -1 -1 -1 -1 -1 -1 0.07069998 -1 -1 -1 0.09235764 0.09962954 -1 -1 0.07023336 0.0123773291 -1 0.06730768 0.06333631 0.0718097 -1 -1 -1 -1 0.0106268313 0.08254402 0.07532285 0.012366024 0.06621743 
-1 -1 -1 -1 -1 -1 -1 -1 -1 -1 -1 -1 -1 -1 -1 -1 -1 -1 -1 -1 -1 0.05202012 -1 -1 -1 0.09136623 0.0680332 -1 -1 0.06296465 -1 -1 0.0136757897 0.0119977481 0.0101424308 -1 -1 -1 -1 -1 0.0107482984 0.0157268262 -1 0.0137373816 
-1 -1 -1 -1 -1 -1 -1 -1 -1 -1 -1 -1 -1 -1 -1 -1 -1 -1 -1 -1 -1 0.011776273 -1 -1 -1 0.06254003 0.06451938 -1 -1 0.0158679411 -1 -1 -1 -1 -1 -1 -1 -1 -1 -1 -1 -1 -1 -1 
-1 -1 -1 -1 -1 -1 -1 -1 -1 -1 -1 -1 -1 -1 -1 -1 -1 -1 -1 -1 -1 -1 -1 -1 -1 0.06179141 0.06031559 -1 -1 -1 -1 -1 -1 -1 -1 -1 -1 -1 -1 -1 -1 -1 -1 -1 
-1 -1 -1 -1 -1 -1 -1 -1 -1 -1 -1 -1 -1 -1 -1 -1 -1 -1 -1 -1 -1 -1 -1 -1 -1 0.02562832 0.03049091 -1 -1 -1 -1 -1 -1 -1 -1 -1 -1 -1 -1 -1 -1 -1 -1 -1 
-1 -1 -1 -1 -1 -1 -1 -1 -1 -1 -1 -1 -1 -1 -1 -1 -1 -1 -1 -1 -1 -1 -1 -1 -1 0.01134861 0.0128836916 -1 -1 -1 -1 -1 -1 -1 -1 -1 -1 -1 -1 -1 -1 -1 -1 -1 
-1 -1 -1 -1 -1 -1 -1 -1 -1 -1 -1 -1 -1 -1 -1 -1 -1 -1 -1 -1 -1 -1 -1 -1 -1 0.002656553 -1 -1 -1 -1 -1 -1 -1 -1 -1 -1 -1 -1 -1 -1 -1 -1 -1 -1 
-1 -1 -1 -1 -1 -1 -1 -1 -1 -1 -1 -1 -1 -1 -1 -1 -1 -1 -1 -1 -1 -1 -1 -1 -1 0.002656553 -1 -1 -1 -1 -1 -1 -1 -1 -1 -1 -1 -1 -1 -1 -1 -1 -1 -1 
-1 -1 -1 -1 -1 -1 -1 -1 -1 -1 -1 -1 -1 -1 -1 -1 -1 -1 -1 -1 -1 -1 -1 -1 -1 0.005375247 -1 -1 -1 -1 -1 -1 -1 -1 -1 -1 -1 -1 -1 -1 -1 -1 -1 -1 
-1 -1 -1 -1 -1 -1 -1 -1 -1 -1 -1 -1 -1 -1 -1 -1 -1 -1 -1 -1 -1 -1 -1 -1 -1 0.015348969 -1 -1 -1 -1 -1 -1 -1 -1 -1 -1 -1 -1 -1 -1 -1 -1 -1 -1 
-1 -1 -1 -1 -1 -1 -1 -1 -1 -1 -1 -1 -1 -1 -1 -1 -1 -1 -1 -1 -1 -1 -1 -1 -1 -1 -1 -1 -1 -1 -1 -1 -1 -1 -1 -1 -1 -1 -1 -1 -1 -1 -1 -1 
-1 -1 -1 -1 -1 -1 -1 -1 -1 -1 -1 -1 -1 -1 -1 -1 -1 -1 -1 -1 -1 -1 -1 -1 -1 -1 -1 -1 -1 -1 -1 -1 -1 -1 -1 -1 -1 -1 -1 -1 -1 -1 -1 -1 
-1 -1 -1 -1 -1 -1 -1 -1 -1 -1 -1 -1 -1 -1 -1 -1 -1 -1 -1 -1 -1 -1 -1 -1 -1 -1 -1 -1 -1 -1 -1 -1 -1 -1 -1 -1 -1 -1 -1 -1 -1 -1 -1 -1 
-1 -1 -1 -1 -1 -1 -1 -1 -1 -1 -1 -1 -1 -1 -1 -1 -1 -1 -1 -1 -1 -1 -1 -1 -1 -1 -1 -1 -1 -1 -1 -1 -1 -1 -1 -1 -1 -1 -1 -1 -1 -1 -1 -1 
-1 -1 -1 -1 -1 -1 -1 -1 -1 -1 -1 -1 -1 -1 -1 -1 -1 -1 -1 -1 -1 -1 -1 -1 -1 -1 -1 -1 -1 -1 -1 -1 -1 -1 -1 -1 -1 -1 -1 -1 -1 -1 -1 -1 
-1 -1 -1 -1 -1 -1 -1 -1 -1 -1 -1 -1 -1 -1 -1 -1 -1 -1 -1 -1 -1 -1 -1 -1 -1 -1 -1 -1 -1 -1 -1 -1 -1 -1 -1 -1 -1 -1 -1 -1 -1 -1 -1 -1 
-1 -1 -1 -1 -1 -1 -1 -1 -1 -1 -1 -1 -1 -1 -1 -1 -1 -1 -1 -1 -1 -1 -1 -1 -1 -1 -1 -1 -1 -1 -1 -1 -1 -1 -1 -1 -1 -1 -1 -1 -1 -1 -1 -1 
-1 -1 -1 -1 -1 -1 -1 -1 -1 -1 -1 -1 -1 -1 -1 -1 -1 -1 -1 -1 -1 -1 -1 -1 -1 -1 -1 -1 -1 -1 -1 -1 -1 -1 -1 -1 -1 -1 -1 -1 -1 -1 -1 -1 
-1 -1 -1 -1 -1 -1 -1 -1 -1 -1 -1 -1 -1 -1 -1 -1 -1 -1 -1 -1 -1 -1 -1 -1 -1 -1 -1 -1 -1 -1 -1 -1 -1 -1 -1 -1 -1 -1 -1 -1 -1 -1 -1 -1 
-1 -1 -1 -1 -1 -1 -1 -1 -1 -1 -1 -1 -1 -1 -1 -1 -1 -1 -1 -1 -1 -1 -1 -1 -1 -1 -1 -1 -1 -1 -1 -1 -1 -1 -1 -1 -1 -1 -1 -1 -1 -1 -1 -1 
-1 -1 -1 -1 -1 -1 -1 -1 -1 -1 -1 -1 -1 -1 -1 -1 -1 -1 -1 -1 -1 -1 -1 -1 -1 -1 -1 -1 -1 -1 -1 -1 -1 -1 -1 -1 -1 -1 -1 -1 -1 -1 -1 -1 
-1 -1 -1 -1 -1 -1 -1 -1 -1 -1 -1 -1 -1 -1 -1 -1 -1 -1 -1 -1 -1 -1 -1 -1 -1 -1 -1 -1 -1 -1 -1 -1 -1 -1 -1 -1 -1 -1 -1 -1 -1 -1 -1 -1 
-1 -1 -1 -1 -1 -1 -1 -1 -1 -1 -1 -1 -1 -1 -1 -1 -1 -1 -1 -1 -1 -1 -1 -1 -1 -1 -1 -1 -1 -1 -1 -1 -1 -1 -1 -1 -1 -1 -1 -1 -1 -1 -1 -1 
-1 -1 -1 -1 -1 -1 -1 -1 -1 -1 -1 -1 -1 -1 -1 -1 -1 -1 -1 -1 -1 -1 -1 -1 -1 -1 -1 -1 -1 -1 -1 -1 -1 -1 -1 -1 -1 -1 -1 -1 -1 -1 -1 -1 
-1 -1 -1 -1 -1 -1 -1 -1 -1 -1 -1 -1 -1 -1 -1 -1 -1 -1 -1 -1 -1 -1 -1 -1 -1 -1 -1 -1 -1 -1 -1 -1 -1 -1 -1 -1 -1 -1 -1 -1 -1 -1 -1 -1 
-1 -1 -1 -1 -1 -1 -1 -1 -1 -1 -1 -1 -1 -1 -1 -1 -1 -1 -1 -1 -1 -1 -1 -1 -1 -1 -1 -1 -1 -1 -1 -1 -1 -1 -1 -1 -1 -1 -1 -1 -1 -1 -1 -1 
-1 -1 -1 -1 -1 -1 -1 -1 -1 -1 -1 -1 -1 -1 -1 -1 -1 -1 -1 -1 -1 -1 -1 -1 -1 -1 -1 -1 -1 -1 -1 -1 -1 -1 -1 -1 -1 -1 -1 -1 -1 -1 -1 -1 
-1 -1 -1 -1 -1 -1 -1 -1 -1 -1 -1 -1 -1 -1 -1 -1 -1 -1 -1 -1 -1 -1 -1 -1 -1 -1 -1 -1 -1 -1 -1 -1 -1 -1 -1 -1 -1 -1 -1 -1 -1 -1 -1 -1 
-1 -1 -1 -1 -1 -1 -1 -1 -1 -1 -1 -1 -1 -1 -1 -1 -1 -1 -1 -1 -1 -1 -1 -1 -1 -1 -1 -1 -1 -1 -1 -1 -1 -1 -1 -1 -1 -1 -1 -1 -1 -1 -1 -1 
-1 -1 -1 -1 -1 -1 -1 -1 -1 -1 -1 -1 -1 -1 -1 -1 -1 -1 -1 -1 -1 -1 -1 -1 -1 -1 -1 -1 -1 -1 -1 -1 -1 -1 -1 -1 -1 -1 -1 -1 -1 -1 -1 -1 
-1 -1 -1 -1 -1 -1 -1 -1 -1 -1 -1 -1 -1 -1 -1 -1 -1 -1 -1 -1 -1 -1 -1 -1 -1 -1 -1 -1 -1 -1 -1 -1 -1 -1 -1 -1 -1 -1 -1 -1 -1 -1 -1 -1 
-1 -1 -1 -1 -1 -1 -1 -1 -1 -1 -1 -1 -1 -1 -1 -1 -1 -1 -1 -1 -1 -1 -1 -1 -1 -1 -1 -1 -1 -1 -1 -1 -1 -1 -1 -1 -1 -1 -1 -1 -1 -1 -1 -1 
-1 -1 -1 -1 -1 -1 -1 -1 -1 -1 -1 -1 -1 -1 -1 -1 -1 -1 -1 -1 -1 -1 -1 -1 -1 -1 -1 -1 -1 -1 -1 -1 -1 -1 -1 -1 -1 -1 -1 -1 -1 -1 -1 -1 
-1 -1 -1 -1 -1 -1 -1 -1 -1 -1 -1 -1 -1 -1 -1 -1 -1 -1 -1 -1 -1 -1 -1 -1 -1 -1 -1 -1 -1 -1 -1 -1 -1 -1 -1 -1 -1 -1 -1 -1 -1 -1 -1 -1 
-1 -1 -1 -1 -1 -1 -1 -1 -1 -1 -1 -1 -1 -1 -1 -1 -1 -1 -1 -1 -1 -1 -1 -1 -1 -1 -1 -1 -1 -1 -1 -1 -1 -1 -1 -1 -1 -1 -1 -1 -1 -1 -1 -1 
-1 -1 -1 -1 -1 -1 -1 -1 -1 -1 -1 -1 -1 -1 -1 -1 -1 -1 -1 -1 -1 -1 -1 -1 -1 -1 -1 -1 -1 -1 -1 -1 -1 -1 -1 -1 -1 -1 -1 -1 -1 -1 -1 -1 
# lenObsProp_f2
0.04864 -1 0.10435 -1 -1 0.03208 -1 -1 -1 -1 -1 -1 0.06912 -1 -1 -1 0.01593 -1 -1 -1 0.04432 -1 -1 -1 -1 -1 -1 -1 0.0308 -1 -1 -1 -1 -1 -1 -1 -1 0.02858 -1 -1 0.02544 0.03258 -1 -1 
0 0.05439 0 -1 -1 0.06007 -1 0.08319 -1 -1 -1 -1 0.06329 -1 -1 0.14493 0.14386 -1 -1 -1 0 -1 -1 -1 -1 -1 -1 -1 0 -1 -1 0.04509 -1 -1 -1 -1 -1 0 -1 0.02272 0 0.04763 0.01699 0.01474 
0 0.32634 0 0.11492 0.02913 0.03166 -1 0.03586 -1 -1 0.04741 -1 0 -1 -1 0.14493 0.06968 -1 -1 0.0872 0.02307 0.06143 -1 -1 0.13279 0.02079 -1 -1 0.07116 0.06772 -1 0 -1 -1 0.0257 0.05383 -1 0 -1 -1 0.02886 0.01604 0.03492 0.015 
0 0.21756 0.0829 0.08965 0.12255 0 0.13681 0 0.10839 -1 0.14281 0.02293 0 -1 -1 0.07797 0.09413 0.10025 0.09177 0.09195 0.04432 0.03685 0.05696 0.10336 0.10864 0.09971 -1 0.20032 0.17417 0 -1 0.0591 -1 0.16389 0.13555 0.13035 0.02157 0.02548 0.19081 0.02313 0.05263 0.07559 0.05884 0.08761 
0 0.05439 0.07606 0.13573 0.12681 0.21329 0.0455 0.23644 0.17619 -1 0.04563 0 0.10917 0.1205 0.03726 0.07196 0.18499 0.0934 0.22518 0.12079 0.21265 0.05669 0.05792 0 0.05311 0.26627 0.10622 0.11967 0.05149 0.05717 -1 0.18453 0.04115 0 0.09469 0.18723 0.02646 0.01429 0.04504 -1 0.13735 0.12732 0.04738 0.08647 
0.21431 0 0.29129 0.05266 0.26928 0.14494 0.05965 0.17493 0.22438 0.07106 0.04852 0.04464 0.02338 0.02308 0.1475 0.0507 0.10243 0.17422 0.05397 0.13583 0.12993 0.13558 -1 0.08408 0 0.07165 0.06952 0.09768 0.14232 0.07799 -1 0.23242 0.09607 0.14973 0.15375 0.03314 0.10977 0.03226 0.08917 -1 0.12726 0.24936 0.074 0.11459 
0.21443 0 0.08488 0.15265 0.13666 0.01727 0.09212 0.13833 0 0.06327 0.06359 0.08709 0 0 0.14389 0 0.15279 0.25923 0.23956 0.09296 0.1896 0.04551 -1 0.06279 0.11728 0.03535 0.37246 0.11889 0.03185 0.17471 -1 0.09361 0.04103 0.12795 0.05124 -1 0.08998 0.02182 0.13148 -1 0.07528 0.16574 0.17592 0.04761 
0.13884 0.12503 0 0.063 0.06456 0.22039 0.25292 0.14396 0.04267 0.11571 0.09472 -1 0.02876 0 0.18476 0 0.1414 0.18044 0.24165 0.14224 0.06408 0.19622 -1 0.13011 0.19138 0.13506 0.26871 0.03915 0 0.07611 -1 0.10688 0.08308 0.04327 0.13799 -1 0.03826 -1 0.06563 -1 0.05306 0.12772 0.05924 0.14153 
0 0.05439 0.05432 0.22895 0.11229 0.13425 0.0833 0.05095 0 0.25006 0.26345 -1 0.21588 0.05124 0 0.09109 0 0.07516 0.05041 0.02026 0.06705 0.10896 -1 0.04258 0.05953 0.16899 0.03222 0.08774 0.03185 0.17304 -1 0.05851 0.03372 0.09777 0.11208 -1 -1 -1 0.09397 -1 0.13609 0.07292 0.12297 0.12819 
0 0 0 0.10765 0.10099 0.08771 0.04098 0.03174 0.05614 0.17998 0.08094 -1 0 0.1205 0 0.10851 0 0.083 0.01918 0.10594 0.07834 0.21708 -1 0.21693 0.0887 0.07155 0.03222 0 0.05149 0.12091 -1 0.03469 -1 0.04149 0.1139 -1 -1 -1 0.10266 -1 0.07867 0.01319 0.12284 0.04515 
0.22846 0.1679 0.08372 0 0 0.02137 0.01833 0.01907 0.02811 0.09174 0.10532 -1 0.06564 -1 0 0.12174 0 0.0343 0.05909 0.03598 0.05585 0.05601 -1 0.05228 0 -1 0 0.03105 0 0 -1 0.04388 -1 0.04889 0 -1 -1 -1 0.06358 -1 0.05685 0.01426 0.01135 0.02149 
0.15532 0 0.05432 0 0 0.03697 0.10867 0.00989 0.08971 0.12092 0 -1 0.12104 -1 0.09769 0.14493 0 0 0 0.02026 0.03541 0.01592 -1 0.09627 0.02655 -1 0.07047 0.08748 0.07116 0.15188 -1 0 -1 0.05591 0.03301 -1 -1 -1 0.04687 -1 0.01027 0 -1 0.01546 
0 0 0.05211 0.05478 0.03773 0 0.06022 0 0 0.01489 0.0435 -1 0 -1 0 0 0 0 0.01918 0.07285 0.01771 0 -1 0.06674 0.02655 -1 0 0.12004 0.08879 0 -1 0.05851 -1 0.13316 0.04014 -1 -1 -1 0.03398 -1 0.05564 0.01158 -1 -1 
0 0 0 0 0 0 0.03297 0.00215 0 -1 0.03957 -1 0.05986 -1 0 0 0.02373 0 0 0 0.00652 0.02651 -1 0.06387 0.09434 -1 0 0 0 0.02946 -1 0.04022 -1 0.03627 0.03975 -1 -1 -1 0.05366 -1 0.06499 0.01034 -1 -1 
0 0 0 0 0 0 0 0.02199 0.11498 -1 0.01843 -1 0 -1 0.03376 0 0 0 0 0 0.03115 0.04324 -1 0.081 0.03211 -1 0.04819 0 0.0308 -1 -1 0 -1 0.02152 0 -1 -1 -1 0.00882 -1 0 0.01158 -1 -1 
0 0 0 0 0 0 0 -1 0.15944 -1 -1 -1 0.06954 -1 -1 0 0 0 0 0 0 0 -1 0 -1 -1 0 0.04423 0.10455 -1 -1 0 -1 0.0428 0 -1 -1 -1 0 -1 0 -1 -1 -1 
0 0 0.06596 0 0 0 0.06853 -1 0 -1 -1 -1 0.06329 -1 -1 0.04326 0 0 0 0.07373 0 0 -1 0 -1 -1 0 0.05374 0.0308 -1 -1 0.04254 -1 0.03733 0.06222 -1 -1 -1 0.06507 -1 0.0211 -1 -1 -1 
0 0 0.0501 0 0 0 0 -1 0 -1 -1 -1 -1 -1 -1 -1 0.07105 0 0 0 0 0 -1 0 -1 -1 0 -1 -1 -1 -1 0 -1 -1 -1 -1 -1 -1 -1 -1 -1 -1 -1 -1 
0 0 -1 0 0 0 0.06853 -1 0 -1 -1 -1 -1 -1 -1 -1 -1 0 0 0.07373 0 0 -1 0 -1 -1 0 -1 -1 -1 -1 0.04254 -1 -1 -1 -1 -1 -1 -1 -1 -1 -1 -1 -1 
0 0 -1 0 0 0 -1 -1 0.15944 -1 -1 -1 -1 -1 -1 -1 -1 0 0 -1 0 0 -1 0 -1 -1 0 -1 -1 -1 -1 -1 -1 -1 -1 -1 -1 -1 -1 -1 -1 -1 -1 -1 
0 0 -1 0 0 0 -1 -1 -1 -1 -1 -1 -1 -1 -1 -1 -1 0 0 -1 0.03115 0.04324 -1 0.081 -1 -1 0.04819 -1 -1 -1 -1 -1 -1 -1 -1 -1 -1 -1 -1 -1 -1 -1 -1 -1 
0 0 -1 0 0 0 -1 -1 -1 -1 -1 -1 -1 -1 -1 -1 -1 0 0 -1 -1 -1 -1 -1 -1 -1 -1 -1 -1 -1 -1 -1 -1 -1 -1 -1 -1 -1 -1 -1 -1 -1 -1 -1 
0 0 -1 0.05478 0.03773 0 -1 -1 -1 -1 -1 -1 -1 -1 -1 -1 -1 0 0.01918 -1 -1 -1 -1 -1 -1 -1 -1 -1 -1 -1 -1 -1 -1 -1 -1 -1 -1 -1 -1 -1 -1 -1 -1 -1 
0.15532 0 -1 -1 -1 0.03697 -1 -1 -1 -1 -1 -1 -1 -1 -1 -1 -1 0 -1 -1 -1 -1 -1 -1 -1 -1 -1 -1 -1 -1 -1 -1 -1 -1 -1 -1 -1 -1 -1 -1 -1 -1 -1 -1 
-1 0.1679 -1 -1 -1 -1 -1 -1 -1 -1 -1 -1 -1 -1 -1 -1 -1 0.0343 -1 -1 -1 -1 -1 -1 -1 -1 -1 -1 -1 -1 -1 -1 -1 -1 -1 -1 -1 -1 -1 -1 -1 -1 -1 -1 
-1 -1 -1 -1 -1 -1 -1 -1 -1 -1 -1 -1 -1 -1 -1 -1 -1 -1 -1 -1 -1 -1 -1 -1 -1 -1 -1 -1 -1 -1 -1 -1 -1 -1 -1 -1 -1 -1 -1 -1 -1 -1 -1 -1 
-1 -1 -1 -1 -1 -1 -1 -1 -1 -1 -1 -1 -1 -1 -1 -1 -1 -1 -1 -1 -1 -1 -1 -1 -1 -1 -1 -1 -1 -1 -1 -1 -1 -1 -1 -1 -1 -1 -1 -1 -1 -1 -1 -1 
-1 -1 -1 -1 -1 -1 -1 -1 -1 -1 -1 -1 -1 -1 -1 -1 -1 -1 -1 -1 -1 -1 -1 -1 -1 -1 -1 -1 -1 -1 -1 -1 -1 -1 -1 -1 -1 -1 -1 -1 -1 -1 -1 -1 
-1 -1 -1 -1 -1 -1 -1 -1 -1 -1 -1 -1 -1 -1 -1 -1 -1 -1 -1 -1 -1 -1 -1 -1 -1 -1 -1 -1 -1 -1 -1 -1 -1 -1 -1 -1 -1 -1 -1 -1 -1 -1 -1 -1 
-1 -1 -1 -1 -1 -1 -1 -1 -1 -1 -1 -1 -1 -1 -1 -1 -1 -1 -1 -1 -1 -1 -1 -1 -1 -1 -1 -1 -1 -1 -1 -1 -1 -1 -1 -1 -1 -1 -1 -1 -1 -1 -1 -1 
-1 -1 -1 -1 -1 -1 -1 -1 -1 -1 -1 -1 -1 -1 -1 -1 -1 -1 -1 -1 -1 -1 -1 -1 -1 -1 -1 -1 -1 -1 -1 -1 -1 -1 -1 -1 -1 -1 -1 -1 -1 -1 -1 -1 
-1 -1 -1 -1 -1 -1 -1 -1 -1 -1 -1 -1 -1 -1 -1 -1 -1 -1 -1 -1 -1 -1 -1 -1 -1 -1 -1 -1 -1 -1 -1 -1 -1 -1 -1 -1 -1 -1 -1 -1 -1 -1 -1 -1 
-1 -1 -1 -1 -1 -1 -1 -1 -1 -1 -1 -1 -1 -1 -1 -1 -1 -1 -1 -1 -1 -1 -1 -1 -1 -1 -1 -1 -1 -1 -1 -1 -1 -1 -1 -1 -1 -1 -1 -1 -1 -1 -1 -1 
-1 -1 -1 -1 -1 -1 -1 -1 -1 -1 -1 -1 -1 -1 -1 -1 -1 -1 -1 -1 -1 -1 -1 -1 -1 -1 -1 -1 -1 -1 -1 -1 -1 -1 -1 -1 -1 -1 -1 -1 -1 -1 -1 -1 
-1 -1 -1 -1 -1 -1 -1 -1 -1 -1 -1 -1 -1 -1 -1 -1 -1 -1 -1 -1 -1 -1 -1 -1 -1 -1 -1 -1 -1 -1 -1 -1 -1 -1 -1 -1 -1 -1 -1 -1 -1 -1 -1 -1 
# lenObsProp_f3
-1 -1 -1 -1 -1 -1 -1 -1 -1 -1 -1 -1 -1 -1 -1 -1 -1 -1 -1 -1 -1 -1 -1 -1 -1 -1 -1 -1 -1 -1 -1 -1 -1 -1 -1 -1 -1 -1 -1 -1 -1 -1 -1 -1 
-1 -1 -1 -1 -1 -1 -1 -1 -1 -1 -1 -1 -1 -1 -1 -1 -1 -1 -1 -1 -1 -1 -1 -1 -1 -1 -1 -1 -1 -1 -1 -1 -1 -1 -1 -1 -1 -1 -1 -1 -1 -1 -1 -1 
-1 -1 -1 -1 -1 -1 -1 -1 -1 -1 -1 -1 -1 -1 -1 -1 -1 -1 -1 -1 -1 -1 -1 -1 -1 -1 -1 -1 -1 -1 -1 -1 -1 -1 -1 -1 -1 -1 -1 -1 -1 -1 -1 -1 
-1 -1 -1 -1 -1 -1 -1 -1 -1 -1 -1 -1 -1 -1 -1 -1 -1 -1 -1 -1 -1 -1 -1 -1 -1 -1 -1 -1 -1 -1 -1 -1 -1 -1 -1 -1 -1 -1 -1 -1 -1 -1 -1 -1 
-1 -1 -1 -1 -1 -1 -1 -1 -1 -1 -1 -1 -1 -1 -1 -1 -1 -1 -1 -1 -1 -1 -1 -1 -1 -1 -1 -1 -1 0.01266 -1 -1 -1 -1 -1 -1 -1 -1 -1 -1 -1 -1 -1 -1 
-1 -1 -1 -1 -1 -1 -1 -1 -1 -1 -1 -1 -1 -1 -1 -1 -1 -1 -1 -1 -1 -1 -1 -1 -1 -1 -1 -1 -1 -1 0.01265 -1 -1 -1 -1 -1 0.01282 -1 -1 -1 -1 -1 -1 -1 
-1 -1 -1 -1 -1 -1 -1 -1 -1 -1 -1 -1 -1 -1 -1 -1 -1 -1 -1 -1 -1 -1 -1 -1 -1 -1 -1 -1 0.01026 -1 -1 -1 -1 -1 -1 -1 -1 -1 -1 -1 -1 0.01629 -1 -1 
-1 -1 -1 -1 -1 -1 -1 -1 -1 -1 -1 -1 -1 -1 -1 -1 -1 -1 -1 -1 -1 -1 -1 -1 -1 -1 -1 -1 -1 -1 -1 -1 -1 -1 -1 -1 -1 -1 -1 -1 -1 0.01253 0.01058 0.01025 
-1 -1 -1 -1 -1 -1 -1 -1 -1 -1 -1 -1 -1 -1 -1 -1 -1 -1 -1 -1 -1 -1 -1 -1 -1 -1 -1 -1 -1 -1 -1 -1 -1 -1 -1 -1 -1 0.01064 0.01071 -1 -1 0.01379 -1 -1 
-1 -1 -1 -1 -1 -1 -1 -1 -1 -1 -1 -1 -1 -1 -1 -1 -1 -1 -1 -1 -1 -1 -1 -1 -1 -1 -1 -1 -1 0.01266 -1 0.02465 0.01395 0.03044 0.0188 0.01812 0.05128 0.0266 0.02143 0.03527 -1 -1 0.01764 0.02436 
-1 -1 -1 -1 -1 -1 -1 -1 -1 -1 -1 -1 -1 -1 -1 -1 -1 -1 -1 -1 -1 -1 -1 -1 -1 -1 -1 -1 -1 -1 0.07278 -1 -1 0.01739 0.05016 -1 -1 -1 -1 0.01234 0.1392 -1 -1 -1 
-1 -1 -1 -1 -1 -1 -1 -1 -1 -1 -1 -1 -1 -1 -1 -1 -1 -1 -1 -1 -1 -1 -1 -1 -1 -1 -1 -1 -1 -1 -1 -1 -1 -1 -1 -1 -1 -1 -1 -1 -1 -1 -1 -1 
-1 -1 -1 -1 -1 -1 -1 -1 -1 -1 -1 -1 -1 -1 -1 -1 -1 -1 -1 -1 -1 -1 -1 -1 -1 -1 -1 -1 -1 -1 -1 -1 -1 -1 -1 -1 -1 -1 -1 -1 -1 -1 -1 -1 
-1 -1 -1 -1 -1 -1 -1 -1 -1 -1 -1 -1 -1 -1 -1 -1 -1 -1 -1 -1 -1 -1 -1 -1 -1 -1 -1 -1 -1 -1 -1 -1 -1 -1 -1 -1 -1 -1 -1 -1 -1 -1 -1 -1 
-1 -1 -1 -1 -1 -1 -1 -1 -1 -1 -1 -1 -1 -1 -1 -1 -1 -1 -1 -1 -1 -1 -1 -1 -1 -1 -1 -1 -1 -1 -1 -1 -1 -1 -1 -1 -1 -1 -1 -1 -1 -1 -1 -1 
-1 -1 -1 -1 -1 -1 -1 -1 -1 -1 -1 -1 -1 -1 -1 -1 -1 -1 -1 -1 -1 -1 -1 -1 -1 -1 -1 -1 -1 -1 -1 -1 -1 -1 -1 -1 -1 -1 -1 -1 -1 -1 -1 -1 
-1 -1 -1 -1 -1 -1 -1 -1 -1 -1 -1 -1 -1 -1 -1 -1 -1 -1 -1 -1 -1 -1 -1 -1 -1 -1 -1 -1 -1 -1 -1 -1 -1 -1 -1 -1 -1 -1 -1 -1 -1 -1 -1 -1 
-1 -1 -1 -1 -1 -1 -1 -1 -1 -1 -1 -1 -1 -1 -1 -1 -1 -1 -1 -1 -1 -1 -1 -1 -1 -1 -1 -1 -1 -1 -1 -1 -1 -1 -1 -1 -1 -1 -1 -1 -1 -1 -1 -1 
-1 -1 -1 -1 -1 -1 -1 -1 -1 -1 -1 -1 -1 -1 -1 -1 -1 -1 -1 -1 -1 -1 -1 -1 -1 -1 -1 -1 -1 -1 -1 -1 -1 -1 -1 -1 -1 -1 -1 -1 -1 -1 -1 -1 
-1 -1 -1 -1 -1 -1 -1 -1 -1 -1 -1 -1 -1 -1 -1 -1 -1 -1 -1 -1 -1 -1 -1 -1 -1 -1 -1 -1 -1 -1 -1 -1 -1 -1 -1 -1 -1 -1 -1 -1 -1 -1 -1 -1 
-1 -1 -1 -1 -1 -1 -1 -1 -1 -1 -1 -1 -1 -1 -1 -1 -1 -1 -1 -1 -1 -1 -1 -1 -1 -1 -1 -1 -1 -1 -1 -1 -1 -1 -1 -1 -1 -1 -1 -1 -1 -1 -1 -1 
-1 -1 -1 -1 -1 -1 -1 -1 -1 -1 -1 -1 -1 -1 -1 -1 -1 -1 -1 -1 -1 -1 -1 -1 -1 -1 -1 -1 -1 -1 -1 -1 -1 -1 -1 -1 -1 -1 -1 -1 -1 -1 -1 -1 
-1 -1 -1 -1 -1 -1 -1 -1 -1 -1 -1 -1 -1 -1 -1 -1 -1 -1 -1 -1 -1 -1 -1 -1 -1 -1 -1 -1 -1 -1 -1 -1 -1 -1 -1 -1 -1 -1 -1 -1 -1 -1 -1 -1 
-1 -1 -1 -1 -1 -1 -1 -1 -1 -1 -1 -1 -1 -1 -1 -1 -1 -1 -1 -1 -1 -1 -1 -1 -1 -1 -1 -1 -1 -1 -1 -1 -1 -1 -1 -1 -1 -1 -1 -1 -1 -1 -1 -1 
-1 -1 -1 -1 -1 -1 -1 -1 -1 -1 -1 -1 -1 -1 -1 -1 -1 -1 -1 -1 -1 -1 -1 -1 -1 -1 -1 -1 -1 -1 -1 -1 -1 -1 -1 -1 -1 -1 -1 -1 -1 -1 -1 -1 
-1 -1 -1 -1 -1 -1 -1 -1 -1 -1 -1 -1 -1 -1 -1 -1 -1 -1 -1 -1 -1 -1 -1 -1 -1 -1 -1 -1 -1 -1 -1 -1 -1 -1 -1 -1 -1 -1 -1 -1 -1 -1 -1 -1 
-1 -1 -1 -1 -1 -1 -1 -1 -1 -1 -1 -1 -1 -1 -1 -1 -1 -1 -1 -1 -1 -1 -1 -1 -1 -1 -1 -1 -1 -1 -1 -1 -1 -1 -1 -1 -1 -1 -1 -1 -1 -1 -1 -1 
-1 -1 -1 -1 -1 -1 -1 -1 -1 -1 -1 -1 -1 -1 -1 -1 -1 -1 -1 -1 -1 -1 -1 -1 -1 -1 -1 -1 -1 -1 -1 -1 -1 -1 -1 -1 -1 -1 -1 -1 -1 -1 -1 -1 
-1 -1 -1 -1 -1 -1 -1 -1 -1 -1 -1 -1 -1 -1 -1 -1 -1 -1 -1 -1 -1 -1 -1 -1 -1 -1 -1 -1 -1 -1 -1 -1 -1 -1 -1 -1 -1 -1 -1 -1 -1 -1 -1 -1 
-1 -1 -1 -1 -1 -1 -1 -1 -1 -1 -1 -1 -1 -1 -1 -1 -1 -1 -1 -1 -1 -1 -1 -1 -1 -1 -1 -1 -1 -1 -1 -1 -1 -1 -1 -1 -1 -1 -1 -1 -1 -1 -1 -1 
-1 -1 -1 -1 -1 -1 -1 -1 -1 -1 -1 -1 -1 -1 -1 -1 -1 -1 -1 -1 -1 -1 -1 -1 -1 -1 -1 -1 -1 -1 -1 -1 -1 -1 -1 -1 -1 -1 -1 -1 -1 -1 -1 -1 
-1 -1 -1 -1 -1 -1 -1 -1 -1 -1 -1 -1 -1 -1 -1 -1 -1 -1 -1 -1 -1 -1 -1 -1 -1 -1 -1 -1 -1 -1 -1 -1 -1 -1 -1 -1 -1 -1 -1 -1 -1 -1 -1 -1 
-1 -1 -1 -1 -1 -1 -1 -1 -1 -1 -1 -1 -1 -1 -1 -1 -1 -1 -1 -1 -1 -1 -1 -1 -1 -1 -1 -1 -1 -1 -1 -1 -1 -1 -1 -1 -1 -1 -1 -1 -1 -1 -1 -1 
-1 -1 -1 -1 -1 -1 -1 -1 -1 -1 -1 -1 -1 -1 -1 -1 -1 -1 -1 -1 -1 -1 -1 -1 -1 -1 -1 -1 -1 -1 -1 -1 -1 -1 -1 -1 -1 -1 -1 -1 -1 -1 -1 -1 
-1 -1 -1 -1 -1 -1 -1 -1 -1 -1 -1 -1 -1 -1 -1 -1 -1 -1 -1 -1 -1 -1 -1 -1 -1 -1 -1 -1 -1 -1 -1 -1 -1 -1 -1 -1 -1 -1 -1 -1 -1 -1 -1 -1 
-1 -1 -1 -1 -1 -1 -1 -1 -1 -1 -1 -1 -1 -1 -1 -1 -1 -1 -1 -1 -1 -1 -1 -1 -1 -1 -1 -1 -1 -1 -1 -1 -1 -1 -1 -1 -1 -1 -1 -1 -1 -1 -1 -1 
-1 -1 -1 -1 -1 -1 -1 -1 -1 -1 -1 -1 -1 -1 -1 -1 -1 -1 -1 -1 -1 -1 -1 -1 -1 -1 -1 -1 -1 -1 -1 -1 -1 -1 -1 -1 -1 -1 -1 -1 -1 -1 -1 -1 
-1 -1 -1 -1 -1 -1 -1 -1 -1 -1 -1 -1 -1 -1 -1 -1 -1 -1 -1 -1 -1 -1 -1 -1 -1 -1 -1 -1 -1 -1 -1 -1 -1 -1 -1 -1 -1 -1 -1 -1 -1 -1 -1 -1 
# lenObsProp_c1
-1 -1 -1 -1 -1 -1 -1 -1 -1 -1 -1 -1 -1 -1 -1 -1 -1 -1 -1 -1 -1 -1 -1 -1 -1 -1 -1 -1 -1 -1 -1 -1 -1 -1 -1 -1 -1 -1 -1 -1 -1 -1 -1 -1 
-1 -1 -1 -1 -1 -1 -1 -1 -1 -1 -1 -1 -1 -1 -1 -1 -1 -1 -1 -1 -1 -1 -1 -1 -1 -1 -1 -1 -1 -1 -1 -1 -1 -1 -1 -1 -1 -1 -1 -1 -1 -1 -1 -1 
-1 -1 -1 -1 -1 -1 -1 -1 -1 -1 -1 -1 -1 -1 -1 -1 -1 -1 -1 -1 -1 -1 -1 -1 -1 -1 -1 -1 -1 -1 -1 -1 -1 -1 -1 -1 -1 -1 -1 -1 -1 -1 -1 -1 
-1 -1 -1 -1 -1 -1 -1 -1 -1 -1 -1 -1 -1 -1 -1 -1 -1 -1 -1 -1 -1 -1 -1 -1 -1 -1 -1 -1 -1 -1 -1 -1 -1 -1 -1 -1 -1 -1 -1 -1 -1 -1 -1 -1 
-1 -1 -1 -1 -1 -1 -1 -1 -1 -1 -1 -1 -1 -1 -1 -1 -1 -1 0.01890436 0.024842863 -1 -1 -1 -1 -1 -1 -1 -1 -1 -1 -1 -1 -1 -1 0.020586661 -1 -1 -1 -1 -1 -1 -1 -1 -1 
-1 -1 -1 -1 -1 -1 -1 -1 -1 -1 -1 -1 -1 -1 -1 -1 -1 -1 0.006554336 0.01092949 -1 0.0136616886 -1 -1 -1 -1 -1 -1 -1 -1 -1 -1 -1 -1 0.03883875 -1 -1 -1 -1 -1 -1 -1 -1 -1 
-1 -1 -1 -1 -1 -1 -1 -1 -1 -1 -1 -1 -1 -1 -1 -1 -1 -1 0.01145106 0.004414942 -1 0.02097746 0.0212907935 -1 -1 -1 -1 -1 -1 -1 -1 -1 -1 -1 0.04233612 -1 -1 0.0133400857 -1 -1 -1 0.010781109 -1 -1 
-1 -1 -1 -1 -1 -1 -1 -1 -1 -1 -1 -1 -1 -1 -1 -1 -1 -1 0.01109909 0.008996486 -1 0.01937815 0.01184987 -1 -1 -1 -1 -1 -1 -1 0.0148465768 -1 -1 -1 0.03169455 -1 -1 0.01013208 -1 -1 -1 0.004207044 -1 -1 
-1 -1 -1 -1 -1 -1 -1 -1 -1 -1 -1 -1 -1 -1 -1 -1 -1 -1 0.02723997 0.00617921 -1 0.02046417 0.01980692 0.0156079153 0.019155499 -1 -1 -1 -1 -1 0.01411599 -1 -1 -1 0.02478949 -1 -1 0.01075577 -1 -1 -1 0.004692914 0.0169324868 -1 
-1 -1 -1 -1 -1 -1 -1 -1 -1 -1 -1 -1 -1 -1 -1 -1 -1 -1 0.03019943 0.01324269 -1 0.01703051 0.02511901 0.02171609 0.01458827 -1 -1 -1 -1 -1 0.004604714 -1 -1 -1 0.01565476 -1 0.0132411866 0.01102107 -1 0.0150949847 0.01642917981 0.009632367 0.008473378 -1 
-1 -1 -1 -1 -1 -1 -1 -1 -1 -1 -1 -1 -1 -1 -1 -1 -1 -1 0.03035874 0.02290772 -1 0.01962146 0.02169187 0.02559491 0.0214583 0.011822719 -1 -1 0.0128572771 -1 0.002827527 -1 -1 -1 0.01404697 0.0133886197 0.009329908 0.008707322 -1 0.02159077 0.01763902 0.01702515 0.01597372 0.01543862177 
-1 -1 -1 -1 -1 -1 -1 -1 -1 -1 -1 -1 -1 -1 -1 -1 -1 -1 0.01634063 0.01236742 -1 0.0222419 0.01929079 0.03270429 0.01785117 0.01072393 0.0194839779 -1 0.01268139 0.018812609 0.005662788 0.020879798 0.0233757373 0.0110884508 0.02116455 0.008132592 0.01566527 0.01322489 0.0215604114 0.04067406 0.03150749 0.0281652 0.02589236 0.01253066 
-1 -1 -1 -1 -1 -1 -1 -1 -1 -1 -1 -1 -1 -1 -1 -1 -1 -1 0.01269511 0.002763878 -1 0.03556423 0.06359399 0.03580491 0.04246665 0.02194644 0.03853803 0.0128994071 0.03298056 0.02334946 0.01869982 0.03314203 0.04282611 0.03693205 0.04208238 0.0142975 0.03249588 0.01927726 0.03846283 0.06866606 0.05584285 0.04428651 0.0383306 0.02060108 
-1 -1 -1 -1 -1 -1 -1 -1 -1 -1 -1 -1 -1 -1 -1 -1 -1 -1 0.03060623 0.01001261 -1 0.05015262 0.08904172 0.05739986 0.09988519 0.08101428 0.1271914 0.04321323 0.08511218 0.0548055 0.0503625 0.07557685 0.09017015 0.09890764 0.0558423 0.03667602 0.05096201 0.0338041 0.06418153 0.1036589 0.086037 0.06827931 0.06001087 0.03544252 
-1 -1 -1 -1 -1 -1 -1 -1 -1 -1 -1 -1 -1 -1 -1 -1 -1 -1 0.03699766 0.03918282 -1 0.09636827 0.106109 0.1399596 0.1449728 0.1537941 0.2205028 0.1610014 0.1762547 0.1312115 0.08989314 0.09331174 0.1270179 0.1192341 0.0865536 0.07737171 0.0812375 0.05357233 0.08959757 0.1476905 0.1294627 0.1115318 0.1042344 0.05863313 
-1 -1 -1 -1 -1 -1 -1 -1 -1 -1 -1 -1 -1 -1 -1 -1 -1 -1 0.05993895 0.06837411 -1 0.1239703 0.1046843 0.1812858 0.1481244 0.1586027 0.1615579 0.1776659 0.1587036 0.1446944 0.09455672 0.1032629 0.1123114 0.1127557 0.08828298 0.1002149 0.1108043 0.06146359 0.09070823 0.1327763 0.1218902 0.1197102 0.1023965 0.07293003 
-1 -1 -1 -1 -1 -1 -1 -1 -1 -1 -1 -1 -1 -1 -1 -1 -1 -1 0.0610973 0.0113153518 -1 0.1008268 0.09249726 0.1623246 0.1248389 0.1417583 0.1167085 0.1570522 0.1191861 0.1253547 0.1004323 0.0936343 0.0965332 0.1078398 0.08163393 0.108611 0.0964558 0.06017651 0.08875914 0.09784059 0.1122942 0.119615 0.096855 0.07883596 
-1 -1 -1 -1 -1 -1 -1 -1 -1 -1 -1 -1 -1 -1 -1 -1 -1 -1 0.0103370041 -1 -1 0.08847556 0.07549402 0.1003951 0.084574 0.1306147 0.08595434 0.1232483 0.1015641 0.1169061 0.1022638 0.09370098 0.07863701 0.09916081 0.07245617 0.1036892 0.1001486 0.0146679019 0.08363486 0.080249 0.09750912 0.09407892 0.09070677 0.08322412 
-1 -1 -1 -1 -1 -1 -1 -1 -1 -1 -1 -1 -1 -1 -1 -1 -1 -1 -1 -1 -1 0.07404431 0.01195126 0.07319652 0.09181976 0.07937294 0.06225918 0.08579646 0.06402063 0.07452244 0.07687952 0.07345367 0.06513299 0.0650222 0.05914078 0.08547937 0.07685641 -1 0.01143491099 0.04459339 0.06125851 0.0617419 0.06361643 0.07914166 
-1 -1 -1 -1 -1 -1 -1 -1 -1 -1 -1 -1 -1 -1 -1 -1 -1 -1 -1 -1 -1 0.0557186 -1 0.05106015 0.06206103 0.06975565 0.040744 0.05637385 0.04577072 0.05455821 0.05880454 0.06222772 0.05476338 0.06223179 0.05341727 0.0100324989 0.0111802036 -1 -1 0.03625983 0.06106912 0.06086344 0.01008186145 0.06978223 
-1 -1 -1 -1 -1 -1 -1 -1 -1 -1 -1 -1 -1 -1 -1 -1 -1 -1 -1 -1 -1 0.04272216 -1 0.0103257696 0.02641918 0.03790656 0.03490558 0.0419295 0.04275131 0.04846463 0.0139364752 0.0115567269 0.04711201 0.04820144 0.04287202 -1 -1 -1 -1 0.01439961242 0.04561416 0.0114750139 -1 0.0150544603 
-1 -1 -1 -1 -1 -1 -1 -1 -1 -1 -1 -1 -1 -1 -1 -1 -1 -1 -1 -1 -1 0.0116813536 -1 -1 0.01812589 0.03704871 0.03110492 0.03724105 0.03751442 0.03945981 -1 -1 0.0101635474 0.03522155 0.03913415 -1 -1 -1 -1 -1 0.01225039535 -1 -1 -1 
-1 -1 -1 -1 -1 -1 -1 -1 -1 -1 -1 -1 -1 -1 -1 -1 -1 -1 -1 -1 -1 -1 -1 -1 0.01849954 0.0203737 0.02038979 0.02741698 0.02651121 0.0113489816 -1 -1 -1 0.0127551819 0.0113741568 -1 -1 -1 -1 -1 -1 -1 -1 -1 
-1 -1 -1 -1 -1 -1 -1 -1 -1 -1 -1 -1 -1 -1 -1 -1 -1 -1 -1 -1 -1 -1 -1 -1 0.011205495 0.01342348 0.0123751 0.0114023346 0.01089052683 -1 -1 -1 -1 -1 -1 -1 -1 -1 -1 -1 -1 -1 -1 -1 
-1 -1 -1 -1 -1 -1 -1 -1 -1 -1 -1 -1 -1 -1 -1 -1 -1 -1 -1 -1 -1 -1 -1 -1 -1 0.008843033 0.006630764 -1 -1 -1 -1 -1 -1 -1 -1 -1 -1 -1 -1 -1 -1 -1 -1 -1 
-1 -1 -1 -1 -1 -1 -1 -1 -1 -1 -1 -1 -1 -1 -1 -1 -1 -1 -1 -1 -1 -1 -1 -1 -1 0.0100488913 0.006215639 -1 -1 -1 -1 -1 -1 -1 -1 -1 -1 -1 -1 -1 -1 -1 -1 -1 
-1 -1 -1 -1 -1 -1 -1 -1 -1 -1 -1 -1 -1 -1 -1 -1 -1 -1 -1 -1 -1 -1 -1 -1 -1 -1 0.0122082294 -1 -1 -1 -1 -1 -1 -1 -1 -1 -1 -1 -1 -1 -1 -1 -1 -1 
-1 -1 -1 -1 -1 -1 -1 -1 -1 -1 -1 -1 -1 -1 -1 -1 -1 -1 -1 -1 -1 -1 -1 -1 -1 -1 -1 -1 -1 -1 -1 -1 -1 -1 -1 -1 -1 -1 -1 -1 -1 -1 -1 -1 
-1 -1 -1 -1 -1 -1 -1 -1 -1 -1 -1 -1 -1 -1 -1 -1 -1 -1 -1 -1 -1 -1 -1 -1 -1 -1 -1 -1 -1 -1 -1 -1 -1 -1 -1 -1 -1 -1 -1 -1 -1 -1 -1 -1 
-1 -1 -1 -1 -1 -1 -1 -1 -1 -1 -1 -1 -1 -1 -1 -1 -1 -1 -1 -1 -1 -1 -1 -1 -1 -1 -1 -1 -1 -1 -1 -1 -1 -1 -1 -1 -1 -1 -1 -1 -1 -1 -1 -1 
-1 -1 -1 -1 -1 -1 -1 -1 -1 -1 -1 -1 -1 -1 -1 -1 -1 -1 -1 -1 -1 -1 -1 -1 -1 -1 -1 -1 -1 -1 -1 -1 -1 -1 -1 -1 -1 -1 -1 -1 -1 -1 -1 -1 
-1 -1 -1 -1 -1 -1 -1 -1 -1 -1 -1 -1 -1 -1 -1 -1 -1 -1 -1 -1 -1 -1 -1 -1 -1 -1 -1 -1 -1 -1 -1 -1 -1 -1 -1 -1 -1 -1 -1 -1 -1 -1 -1 -1 
-1 -1 -1 -1 -1 -1 -1 -1 -1 -1 -1 -1 -1 -1 -1 -1 -1 -1 -1 -1 -1 -1 -1 -1 -1 -1 -1 -1 -1 -1 -1 -1 -1 -1 -1 -1 -1 -1 -1 -1 -1 -1 -1 -1 
-1 -1 -1 -1 -1 -1 -1 -1 -1 -1 -1 -1 -1 -1 -1 -1 -1 -1 -1 -1 -1 -1 -1 -1 -1 -1 -1 -1 -1 -1 -1 -1 -1 -1 -1 -1 -1 -1 -1 -1 -1 -1 -1 -1 
-1 -1 -1 -1 -1 -1 -1 -1 -1 -1 -1 -1 -1 -1 -1 -1 -1 -1 -1 -1 -1 -1 -1 -1 -1 -1 -1 -1 -1 -1 -1 -1 -1 -1 -1 -1 -1 -1 -1 -1 -1 -1 -1 -1 
-1 -1 -1 -1 -1 -1 -1 -1 -1 -1 -1 -1 -1 -1 -1 -1 -1 -1 -1 -1 -1 -1 -1 -1 -1 -1 -1 -1 -1 -1 -1 -1 -1 -1 -1 -1 -1 -1 -1 -1 -1 -1 -1 -1 
-1 -1 -1 -1 -1 -1 -1 -1 -1 -1 -1 -1 -1 -1 -1 -1 -1 -1 -1 -1 -1 -1 -1 -1 -1 -1 -1 -1 -1 -1 -1 -1 -1 -1 -1 -1 -1 -1 -1 -1 -1 -1 -1 -1 
-1 -1 -1 -1 -1 -1 -1 -1 -1 -1 -1 -1 -1 -1 -1 -1 -1 -1 -1 -1 -1 -1 -1 -1 -1 -1 -1 -1 -1 -1 -1 -1 -1 -1 -1 -1 -1 -1 -1 -1 -1 -1 -1 -1 
-1 -1 -1 -1 -1 -1 -1 -1 -1 -1 -1 -1 -1 -1 -1 -1 -1 -1 -1 -1 -1 -1 -1 -1 -1 -1 -1 -1 -1 -1 -1 -1 -1 -1 -1 -1 -1 -1 -1 -1 -1 -1 -1 -1 
-1 -1 -1 -1 -1 -1 -1 -1 -1 -1 -1 -1 -1 -1 -1 -1 -1 -1 -1 -1 -1 -1 -1 -1 -1 -1 -1 -1 -1 -1 -1 -1 -1 -1 -1 -1 -1 -1 -1 -1 -1 -1 -1 -1 
-1 -1 -1 -1 -1 -1 -1 -1 -1 -1 -1 -1 -1 -1 -1 -1 -1 -1 -1 -1 -1 -1 -1 -1 -1 -1 -1 -1 -1 -1 -1 -1 -1 -1 -1 -1 -1 -1 -1 -1 -1 -1 -1 -1 
-1 -1 -1 -1 -1 -1 -1 -1 -1 -1 -1 -1 -1 -1 -1 -1 -1 -1 -1 -1 -1 -1 -1 -1 -1 -1 -1 -1 -1 -1 -1 -1 -1 -1 -1 -1 -1 -1 -1 -1 -1 -1 -1 -1 
-1 -1 -1 -1 -1 -1 -1 -1 -1 -1 -1 -1 -1 -1 -1 -1 -1 -1 -1 -1 -1 -1 -1 -1 -1 -1 -1 -1 -1 -1 -1 -1 -1 -1 -1 -1 -1 -1 -1 -1 -1 -1 -1 -1 
-1 -1 -1 -1 -1 -1 -1 -1 -1 -1 -1 -1 -1 -1 -1 -1 -1 -1 -1 -1 -1 -1 -1 -1 -1 -1 -1 -1 -1 -1 -1 -1 -1 -1 -1 -1 -1 -1 -1 -1 -1 -1 -1 -1 
-1 -1 -1 -1 -1 -1 -1 -1 -1 -1 -1 -1 -1 -1 -1 -1 -1 -1 -1 -1 -1 -1 -1 -1 -1 -1 -1 -1 -1 -1 -1 -1 -1 -1 -1 -1 -1 -1 -1 -1 -1 -1 -1 -1 
-1 -1 -1 -1 -1 -1 -1 -1 -1 -1 -1 -1 -1 -1 -1 -1 -1 -1 -1 -1 -1 -1 -1 -1 -1 -1 -1 -1 -1 -1 -1 -1 -1 -1 -1 -1 -1 -1 -1 -1 -1 -1 -1 -1 
-1 -1 -1 -1 -1 -1 -1 -1 -1 -1 -1 -1 -1 -1 -1 -1 -1 -1 -1 -1 -1 -1 -1 -1 -1 -1 -1 -1 -1 -1 -1 -1 -1 -1 -1 -1 -1 -1 -1 -1 -1 -1 -1 -1 
-1 -1 -1 -1 -1 -1 -1 -1 -1 -1 -1 -1 -1 -1 -1 -1 -1 -1 -1 -1 -1 -1 -1 -1 -1 -1 -1 -1 -1 -1 -1 -1 -1 -1 -1 -1 -1 -1 -1 -1 -1 -1 -1 -1 
-1 -1 -1 -1 -1 -1 -1 -1 -1 -1 -1 -1 -1 -1 -1 -1 -1 -1 -1 -1 -1 -1 -1 -1 -1 -1 -1 -1 -1 -1 -1 -1 -1 -1 -1 -1 -1 -1 -1 -1 -1 -1 -1 -1 
-1 -1 -1 -1 -1 -1 -1 -1 -1 -1 -1 -1 -1 -1 -1 -1 -1 -1 -1 -1 -1 -1 -1 -1 -1 -1 -1 -1 -1 -1 -1 -1 -1 -1 -1 -1 -1 -1 -1 -1 -1 -1 -1 -1 
-1 -1 -1 -1 -1 -1 -1 -1 -1 -1 -1 -1 -1 -1 -1 -1 -1 -1 -1 -1 -1 -1 -1 -1 -1 -1 -1 -1 -1 -1 -1 -1 -1 -1 -1 -1 -1 -1 -1 -1 -1 -1 -1 -1 
-1 -1 -1 -1 -1 -1 -1 -1 -1 -1 -1 -1 -1 -1 -1 -1 -1 -1 -1 -1 -1 -1 -1 -1 -1 -1 -1 -1 -1 -1 -1 -1 -1 -1 -1 -1 -1 -1 -1 -1 -1 -1 -1 -1 
-1 -1 -1 -1 -1 -1 -1 -1 -1 -1 -1 -1 -1 -1 -1 -1 -1 -1 -1 -1 -1 -1 -1 -1 -1 -1 -1 -1 -1 -1 -1 -1 -1 -1 -1 -1 -1 -1 -1 -1 -1 -1 -1 -1 
-1 -1 -1 -1 -1 -1 -1 -1 -1 -1 -1 -1 -1 -1 -1 -1 -1 -1 -1 -1 -1 -1 -1 -1 -1 -1 -1 -1 -1 -1 -1 -1 -1 -1 -1 -1 -1 -1 -1 -1 -1 -1 -1 -1 
# lenObsProp_c2
0.02058 -1 0.0643 -1 -1 0.01351 0.01795 -1 -1 -1 -1 -1 0.02655 -1 -1 -1 -1 -1 0.01438 -1 0.02778 0.02328 -1 -1 0.0384 -1 -1 0.03342 -1 -1 -1 -1 -1 -1 0.02155 -1 0.01352 0.01429 -1 0.02304 0.02668 0.01697 -1 -1 
0 0.0461 0 -1 -1 0.05351 0 0.07332 -1 -1 -1 -1 0.02431 -1 -1 0.2216 0.09829 -1 0 -1 0 0 -1 -1 0.01665 -1 -1 0 0.03897 -1 0.02291 0.01871 -1 -1 0 -1 0.02309 0 -1 0 0 0.0274 0.04426 0.01675 
0 0.29965 0.03347 0.08376 0.02001 0.02598 0 0.02291 -1 -1 0.05852 -1 0 -1 -1 0.07387 0.10703 -1 0 0.08134 0.01617 0.02856 0.01257 -1 0.08046 -1 -1 0 0.05854 0.03987 0.05324 0.06211 -1 -1 0.03045 0.04998 0 0.00476 -1 0.00717 0.02319 0.02241 0.01747 0.02519 
0.05797 0.11525 0.1876 0.03861 0.11247 0.04908 0.07181 0 0.08568 -1 0.13503 0.02313 0 0.0451 0.04545 0.0568 0.06542 0.09405 0.23564 0.11778 0.07267 0.01713 0.05077 0.05406 0.05486 0.04086 0.07784 0.17497 0.18071 0.12162 0.04827 0.08932 -1 0.12716 0.11173 0.11029 0.05041 0.04506 0.17813 0.03089 0.09062 0.07928 0.06824 0.07879 
0.03739 0.02305 0.06385 0.09824 0.10712 0.1671 0.07232 0.27708 0.09512 0.01014 0.03617 0.00621 0.04193 0.1224 0.01541 0.09031 0.21445 0.09134 0.22912 0.11698 0.19382 0.0957 0.02555 0.02361 0.07689 0.27206 0.06618 0.06974 0.04883 0.03365 0.17686 0.14663 0.04119 0.10389 0.11201 0.15846 0.05947 0.06355 0.04488 0.05893 0.16882 0.1102 0.07744 0.08773 
0.24151 0.11406 0.17949 0.18506 0.22218 0.15439 0.1059 0.18815 0.16028 0.1213 0.09416 0.10013 0.04179 0.01172 0.09447 0.02584 0.1245 0.20902 0.06446 0.10725 0.17878 0.11285 -1 0.04398 0 0.09486 0.06016 0.09692 0.15979 0.07957 0.04909 0.1396 0.09772 0.13304 0.12826 0.01508 0.15207 0.06936 0.07657 0.17868 0.08264 0.2558 0.06637 0.07983 
0.11569 0.02154 0.1168 0.1069 0.16611 0.15183 0.16111 0.11827 0.13322 0.07301 0.05407 0.03295 0.02966 0 0.07494 0 0.09546 0.202 0.19148 0.08882 0.13253 0.10987 -1 0.0893 0.10355 0.1496 0.2421 0.1585 0.04575 0.20583 0.05324 0.09633 0.02446 0.13894 0.08203 -1 0.05214 0.11829 0.06944 0.11589 0.06125 0.17329 0.18467 0.03707 
0.14252 0.08811 0 0.06991 0.09064 0.1593 0.20231 0.14056 0.07786 0.07971 0.07833 -1 0.09466 0.06828 0.12951 0.02937 0.12882 0.14247 0.14101 0.09524 0.10176 0.19311 -1 0.01274 0.12477 0.1153 0.18003 0.03808 0.05642 0.07241 0.07917 0.0674 0.09071 0.03365 0.10644 -1 0.01698 0.10709 0.07949 0.0923 0.09089 0.06825 0.06558 0.08133 
0 0.02305 0.03347 0.15689 0.07714 0.0983 0.14208 0.04347 0.08881 0.21007 0.19538 -1 0.15709 0.13373 0.09151 0.06348 0.02889 0.05421 0.03035 0.01056 0.03664 0.05964 -1 -1 0.09855 0.12685 0.06681 0.0479 0.02432 0.13852 0.09142 0.09973 0.0201 0.14723 0.0645 -1 -1 0.09442 0.0884 0.04961 0.13689 0.05481 0.13071 0.14092 
0 0.08545 0 0.08351 0.16038 0.08746 0.02456 0.03943 0.0244 0.13181 0.10459 -1 0.01444 0.0612 0.04672 0.08467 0 0.04244 0.02027 0.1489 0.05249 0.20467 -1 -1 0.13203 0.02426 0.05603 0.05983 0.01515 0.07118 0.04897 0.04258 -1 0.04793 0.04499 -1 -1 0.11227 0.09971 0.01684 0.05126 0.04118 0.07997 0.08496 
0.12162 0.07115 0.05159 0 0 0.02396 0.01423 0.01961 0.03288 0.11095 0.08871 -1 -1 -1 -1 0.06205 0.00816 0.08907 0.03041 0.0625 0.05485 0.02604 -1 -1 0.06585 -1 0 0.01695 0.02093 0 0.19914 0.07299 -1 0.02821 0.06545 -1 -1 0.08813 0.11521 0.06837 0.06305 0.00826 0.05797 0.05605 
0.13144 0.0562 0.03347 0.04194 0 0.01557 0.105 0.01154 0.04349 0.11856 0.0359 -1 -1 -1 -1 0.14292 0 0 0 0.01316 0.03871 0.08439 -1 -1 0.03813 -1 0.0484 0.06208 0.04187 0.11754 0 0.01821 -1 0.06699 0.02874 -1 -1 0.09882 0.06925 0.06556 0.04963 0.03636 0.06415 0.04899 
0 0.01974 0.04467 0.08094 0.02592 0 0.03826 0.01467 0.0045 0.03784 0.0536 -1 -1 -1 -1 0.04396 0.01423 0 0.00547 0.05978 0.03916 0 -1 -1 0.04993 -1 0.02638 0.06552 0.07373 0.02401 0.02618 0.07055 -1 0.07684 0.04255 -1 -1 0.04157 0.02974 0.03916 0.04914 0.03664 0.02822 0.06565 
0 0 0.11976 0.03128 0 0 0.01445 0.00405 0.01766 0.0464 0.02545 -1 -1 -1 -1 0.04396 0.01215 0.0754 0.01828 0.04871 0.03761 0.02465 -1 -1 0.04764 -1 0.06433 0.04563 0.08861 0.01734 0.0638 0.04881 -1 0.02093 0.08739 -1 -1 0.04987 0.03839 0.08327 0.03741 0.0265 0.03698 0.02598 
0.03653 0.03664 0 0.01149 0.01801 0 0 0.01405 -1 0.00884 0 -1 -1 -1 -1 0 0 0 0 0 0.01702 0.0201 -1 -1 0.01621 -1 0.08241 0.05282 0.02817 -1 0.02668 0 -1 0.01242 0.04934 -1 -1 0.01509 0.03991 0.01667 0.01565 0.00257 0.02622 0.04741 
-1 0 0 0.01149 0 0 0 -1 -1 0.03225 0.02233 -1 -1 -1 -1 0.01706 0.04301 0 0 0.01056 0 0 -1 -1 -1 -1 0.02932 0.02414 0.05776 -1 0.01191 0.00939 -1 0.0247 0 -1 -1 0 0.02961 -1 -1 0.00645 -1 0.01749 
-1 0 0.04064 0 0 0 0.03002 -1 -1 0.0116 0.00313 -1 -1 -1 -1 0.0441 0.02324 0 0 0.03842 0 0 -1 -1 -1 -1 0 0.02933 0.03434 -1 0.02291 0.01765 -1 0.02154 0.02457 -1 -1 0.02423 0.0286 -1 -1 0.01365 -1 -1 
-1 0 0.03087 0 0 0 0 -1 -1 0 0.01463 -1 -1 -1 -1 -1 0.03638 0 0.01912 0 0 0 -1 -1 -1 -1 0 -1 -1 -1 -1 0 -1 -1 -1 -1 -1 -1 -1 -1 -1 -1 -1 -1 
-1 0 -1 0 0 0 0.03002 -1 -1 0.01912 -1 -1 -1 -1 -1 -1 -1 0 -1 0.03842 0 0 -1 -1 -1 -1 0 -1 -1 -1 -1 0.01765 -1 -1 -1 -1 -1 -1 -1 -1 -1 -1 -1 -1 
-1 0 -1 0.01149 0 0 -1 -1 -1 -1 -1 -1 -1 -1 -1 -1 -1 0 -1 -1 0 0 -1 -1 -1 -1 0.02932 -1 -1 -1 -1 -1 -1 -1 -1 -1 -1 -1 -1 -1 -1 -1 -1 -1 
-1 0.03664 -1 -1 0.01801 0 -1 -1 -1 -1 -1 -1 -1 -1 -1 -1 -1 0 -1 -1 0.01702 0.0201 -1 -1 -1 -1 -1 -1 -1 -1 -1 -1 -1 -1 -1 -1 -1 -1 -1 -1 -1 -1 -1 -1 
-1 -1 -1 -1 -1 0 -1 -1 -1 -1 -1 -1 -1 -1 -1 -1 -1 0.0754 -1 -1 -1 -1 -1 -1 -1 -1 -1 -1 -1 -1 -1 -1 -1 -1 -1 -1 -1 -1 -1 -1 -1 -1 -1 -1 
-1 -1 -1 -1 -1 0 -1 -1 -1 -1 -1 -1 -1 -1 -1 -1 -1 -1 -1 -1 -1 -1 -1 -1 -1 -1 -1 -1 -1 -1 -1 -1 -1 -1 -1 -1 -1 -1 -1 -1 -1 -1 -1 -1 
-1 -1 -1 -1 -1 0.01557 -1 -1 -1 -1 -1 -1 -1 -1 -1 -1 -1 -1 -1 -1 -1 -1 -1 -1 -1 -1 -1 -1 -1 -1 -1 -1 -1 -1 -1 -1 -1 -1 -1 -1 -1 -1 -1 -1 
-1 -1 -1 -1 -1 -1 -1 -1 -1 -1 -1 -1 -1 -1 -1 -1 -1 -1 -1 -1 -1 -1 -1 -1 -1 -1 -1 -1 -1 -1 -1 -1 -1 -1 -1 -1 -1 -1 -1 -1 -1 -1 -1 -1 
-1 -1 -1 -1 -1 -1 -1 -1 -1 -1 -1 -1 -1 -1 -1 -1 -1 -1 -1 -1 -1 -1 -1 -1 -1 -1 -1 -1 -1 -1 -1 -1 -1 -1 -1 -1 -1 -1 -1 -1 -1 -1 -1 -1 
-1 -1 -1 -1 -1 -1 -1 -1 -1 -1 -1 -1 -1 -1 -1 -1 -1 -1 -1 -1 -1 -1 -1 -1 -1 -1 -1 -1 -1 -1 -1 -1 -1 -1 -1 -1 -1 -1 -1 -1 -1 -1 -1 -1 
-1 -1 -1 -1 -1 -1 -1 -1 -1 -1 -1 -1 -1 -1 -1 -1 -1 -1 -1 -1 -1 -1 -1 -1 -1 -1 -1 -1 -1 -1 -1 -1 -1 -1 -1 -1 -1 -1 -1 -1 -1 -1 -1 -1 
-1 -1 -1 -1 -1 -1 -1 -1 -1 -1 -1 -1 -1 -1 -1 -1 -1 -1 -1 -1 -1 -1 -1 -1 -1 -1 -1 -1 -1 -1 -1 -1 -1 -1 -1 -1 -1 -1 -1 -1 -1 -1 -1 -1 
-1 -1 -1 -1 -1 -1 -1 -1 -1 -1 -1 -1 -1 -1 -1 -1 -1 -1 -1 -1 -1 -1 -1 -1 -1 -1 -1 -1 -1 -1 -1 -1 -1 -1 -1 -1 -1 -1 -1 -1 -1 -1 -1 -1 
-1 -1 -1 -1 -1 -1 -1 -1 -1 -1 -1 -1 -1 -1 -1 -1 -1 -1 -1 -1 -1 -1 -1 -1 -1 -1 -1 -1 -1 -1 -1 -1 -1 -1 -1 -1 -1 -1 -1 -1 -1 -1 -1 -1 
-1 -1 -1 -1 -1 -1 -1 -1 -1 -1 -1 -1 -1 -1 -1 -1 -1 -1 -1 -1 -1 -1 -1 -1 -1 -1 -1 -1 -1 -1 -1 -1 -1 -1 -1 -1 -1 -1 -1 -1 -1 -1 -1 -1 
-1 -1 -1 -1 -1 -1 -1 -1 -1 -1 -1 -1 -1 -1 -1 -1 -1 -1 -1 -1 -1 -1 -1 -1 -1 -1 -1 -1 -1 -1 -1 -1 -1 -1 -1 -1 -1 -1 -1 -1 -1 -1 -1 -1 
-1 -1 -1 -1 -1 -1 -1 -1 -1 -1 -1 -1 -1 -1 -1 -1 -1 -1 -1 -1 -1 -1 -1 -1 -1 -1 -1 -1 -1 -1 -1 -1 -1 -1 -1 -1 -1 -1 -1 -1 -1 -1 -1 -1 
-1 -1 -1 -1 -1 -1 -1 -1 -1 -1 -1 -1 -1 -1 -1 -1 -1 -1 -1 -1 -1 -1 -1 -1 -1 -1 -1 -1 -1 -1 -1 -1 -1 -1 -1 -1 -1 -1 -1 -1 -1 -1 -1 -1 
# lenObsProp_c3
-1 -1 -1 -1 -1 -1 -1 -1 -1 -1 -1 -1 -1 -1 -1 -1 -1 -1 -1 -1 -1 -1 -1 -1 -1 -1 -1 -1 -1 -1 -1 -1 -1 -1 -1 -1 -1 -1 -1 -1 -1 -1 -1 -1 
-1 -1 -1 -1 -1 -1 -1 -1 -1 -1 -1 -1 -1 -1 -1 -1 -1 -1 -1 -1 -1 -1 -1 -1 -1 -1 -1 -1 -1 -1 -1 -1 -1 -1 -1 -1 -1 -1 -1 -1 -1 -1 -1 -1 
-1 -1 -1 -1 -1 -1 -1 -1 -1 -1 -1 -1 -1 -1 -1 -1 -1 -1 -1 -1 -1 -1 -1 -1 -1 -1 -1 -1 -1 -1 -1 -1 -1 -1 -1 -1 -1 -1 -1 -1 -1 -1 -1 -1 
-1 -1 -1 -1 -1 -1 -1 -1 -1 -1 -1 -1 -1 -1 -1 -1 -1 -1 -1 -1 -1 -1 -1 -1 -1 -1 -1 -1 -1 -1 -1 -1 -1 -1 -1 -1 -1 -1 -1 -1 -1 -1 -1 -1 
-1 -1 -1 -1 -1 -1 -1 -1 -1 -1 -1 -1 -1 -1 -1 -1 -1 -1 -1 -1 -1 -1 -1 -1 -1 -1 -1 -1 -1 0.0119 -1 -1 -1 0.01142 -1 0.01724 0.01027 0.01469 0.01286 -1 0.01048 -1 0.0251 0.01369 
-1 -1 -1 -1 -1 -1 -1 -1 -1 -1 -1 -1 -1 -1 -1 -1 -1 -1 -1 -1 -1 -1 -1 -1 -1 -1 -1 -1 -1 0.0085 0.02593 -1 0.01152 0.01333 -1 0.0158 0.02568 0.02204 0.02656 0.01475 0.01787 0.01322 0.01486 0.0137 
-1 -1 -1 -1 -1 -1 -1 -1 -1 -1 -1 -1 -1 -1 -1 -1 -1 -1 -1 -1 -1 -1 -1 -1 -1 -1 -1 -1 0.02395 0.02551 0.03086 0.02871 0.00863 0.00571 -1 0.03879 0.03938 0.01994 0.04027 0.02245 0.02834 0.02496 0.03227 0.03243 
-1 -1 -1 -1 -1 -1 -1 -1 -1 -1 -1 -1 -1 -1 -1 -1 -1 -1 -1 -1 -1 -1 -1 -1 -1 -1 -1 -1 0.01198 0.03231 0.03951 0.05618 0.02014 0.03238 0.01284 0.04598 0.07705 0.05142 0.05741 0.04875 0.03512 0.04993 0.06609 0.07629 
-1 -1 -1 -1 -1 -1 -1 -1 -1 -1 -1 -1 -1 -1 -1 -1 -1 -1 -1 -1 -1 -1 -1 -1 -1 -1 -1 -1 -1 0.04252 0.05802 0.09114 0.04748 0.06476 0.04815 0.06178 0.06678 0.0703 0.05227 0.10263 0.08318 0.08321 0.06096 0.10096 
-1 -1 -1 -1 -1 -1 -1 -1 -1 -1 -1 -1 -1 -1 -1 -1 -1 -1 -1 -1 -1 -1 -1 -1 -1 -1 -1 -1 -1 0.09184 0.09136 0.11985 0.09065 0.10857 0.01124 0.09052 0.11815 0.08604 0.09426 0.127 0.10105 0.12139 0.08453 0.1005 
-1 -1 -1 -1 -1 -1 -1 -1 -1 -1 -1 -1 -1 -1 -1 -1 -1 -1 -1 -1 -1 -1 -1 -1 -1 -1 -1 -1 -1 0.14456 0.01109 0.14981 0.14964 0.11619 -1 0.10632 0.12671 0.0126 0.012 0.14368 0.13001 0.0142 0.13268 0.14253 
-1 -1 -1 -1 -1 -1 -1 -1 -1 -1 -1 -1 -1 -1 -1 -1 -1 -1 -1 -1 -1 -1 -1 -1 -1 -1 -1 -1 -1 0.13776 -1 0.12609 0.01296 0.01523 -1 0.01868 0.01026 -1 -1 0.11867 0.11091 -1 0.01076 0.01052 
-1 -1 -1 -1 -1 -1 -1 -1 -1 -1 -1 -1 -1 -1 -1 -1 -1 -1 -1 -1 -1 -1 -1 -1 -1 -1 -1 -1 -1 0.0102 -1 0.01374 -1 -1 -1 -1 -1 -1 -1 0.01089 0.01109 -1 -1 -1 
-1 -1 -1 -1 -1 -1 -1 -1 -1 -1 -1 -1 -1 -1 -1 -1 -1 -1 -1 -1 -1 -1 -1 -1 -1 -1 -1 -1 -1 -1 -1 -1 -1 -1 -1 -1 -1 -1 -1 -1 -1 -1 -1 -1 
-1 -1 -1 -1 -1 -1 -1 -1 -1 -1 -1 -1 -1 -1 -1 -1 -1 -1 -1 -1 -1 -1 -1 -1 -1 -1 -1 -1 -1 -1 -1 -1 -1 -1 -1 -1 -1 -1 -1 -1 -1 -1 -1 -1 
-1 -1 -1 -1 -1 -1 -1 -1 -1 -1 -1 -1 -1 -1 -1 -1 -1 -1 -1 -1 -1 -1 -1 -1 -1 -1 -1 -1 -1 -1 -1 -1 -1 -1 -1 -1 -1 -1 -1 -1 -1 -1 -1 -1 
-1 -1 -1 -1 -1 -1 -1 -1 -1 -1 -1 -1 -1 -1 -1 -1 -1 -1 -1 -1 -1 -1 -1 -1 -1 -1 -1 -1 -1 -1 -1 -1 -1 -1 -1 -1 -1 -1 -1 -1 -1 -1 -1 -1 
-1 -1 -1 -1 -1 -1 -1 -1 -1 -1 -1 -1 -1 -1 -1 -1 -1 -1 -1 -1 -1 -1 -1 -1 -1 -1 -1 -1 -1 -1 -1 -1 -1 -1 -1 -1 -1 -1 -1 -1 -1 -1 -1 -1 
-1 -1 -1 -1 -1 -1 -1 -1 -1 -1 -1 -1 -1 -1 -1 -1 -1 -1 -1 -1 -1 -1 -1 -1 -1 -1 -1 -1 -1 -1 -1 -1 -1 -1 -1 -1 -1 -1 -1 -1 -1 -1 -1 -1 
-1 -1 -1 -1 -1 -1 -1 -1 -1 -1 -1 -1 -1 -1 -1 -1 -1 -1 -1 -1 -1 -1 -1 -1 -1 -1 -1 -1 -1 -1 -1 -1 -1 -1 -1 -1 -1 -1 -1 -1 -1 -1 -1 -1 
-1 -1 -1 -1 -1 -1 -1 -1 -1 -1 -1 -1 -1 -1 -1 -1 -1 -1 -1 -1 -1 -1 -1 -1 -1 -1 -1 -1 -1 -1 -1 -1 -1 -1 -1 -1 -1 -1 -1 -1 -1 -1 -1 -1 
-1 -1 -1 -1 -1 -1 -1 -1 -1 -1 -1 -1 -1 -1 -1 -1 -1 -1 -1 -1 -1 -1 -1 -1 -1 -1 -1 -1 -1 -1 -1 -1 -1 -1 -1 -1 -1 -1 -1 -1 -1 -1 -1 -1 
-1 -1 -1 -1 -1 -1 -1 -1 -1 -1 -1 -1 -1 -1 -1 -1 -1 -1 -1 -1 -1 -1 -1 -1 -1 -1 -1 -1 -1 -1 -1 -1 -1 -1 -1 -1 -1 -1 -1 -1 -1 -1 -1 -1 
-1 -1 -1 -1 -1 -1 -1 -1 -1 -1 -1 -1 -1 -1 -1 -1 -1 -1 -1 -1 -1 -1 -1 -1 -1 -1 -1 -1 -1 -1 -1 -1 -1 -1 -1 -1 -1 -1 -1 -1 -1 -1 -1 -1 
-1 -1 -1 -1 -1 -1 -1 -1 -1 -1 -1 -1 -1 -1 -1 -1 -1 -1 -1 -1 -1 -1 -1 -1 -1 -1 -1 -1 -1 -1 -1 -1 -1 -1 -1 -1 -1 -1 -1 -1 -1 -1 -1 -1 
-1 -1 -1 -1 -1 -1 -1 -1 -1 -1 -1 -1 -1 -1 -1 -1 -1 -1 -1 -1 -1 -1 -1 -1 -1 -1 -1 -1 -1 -1 -1 -1 -1 -1 -1 -1 -1 -1 -1 -1 -1 -1 -1 -1 
-1 -1 -1 -1 -1 -1 -1 -1 -1 -1 -1 -1 -1 -1 -1 -1 -1 -1 -1 -1 -1 -1 -1 -1 -1 -1 -1 -1 -1 -1 -1 -1 -1 -1 -1 -1 -1 -1 -1 -1 -1 -1 -1 -1 
-1 -1 -1 -1 -1 -1 -1 -1 -1 -1 -1 -1 -1 -1 -1 -1 -1 -1 -1 -1 -1 -1 -1 -1 -1 -1 -1 -1 -1 -1 -1 -1 -1 -1 -1 -1 -1 -1 -1 -1 -1 -1 -1 -1 
-1 -1 -1 -1 -1 -1 -1 -1 -1 -1 -1 -1 -1 -1 -1 -1 -1 -1 -1 -1 -1 -1 -1 -1 -1 -1 -1 -1 -1 -1 -1 -1 -1 -1 -1 -1 -1 -1 -1 -1 -1 -1 -1 -1 
-1 -1 -1 -1 -1 -1 -1 -1 -1 -1 -1 -1 -1 -1 -1 -1 -1 -1 -1 -1 -1 -1 -1 -1 -1 -1 -1 -1 -1 -1 -1 -1 -1 -1 -1 -1 -1 -1 -1 -1 -1 -1 -1 -1 
-1 -1 -1 -1 -1 -1 -1 -1 -1 -1 -1 -1 -1 -1 -1 -1 -1 -1 -1 -1 -1 -1 -1 -1 -1 -1 -1 -1 -1 -1 -1 -1 -1 -1 -1 -1 -1 -1 -1 -1 -1 -1 -1 -1 
-1 -1 -1 -1 -1 -1 -1 -1 -1 -1 -1 -1 -1 -1 -1 -1 -1 -1 -1 -1 -1 -1 -1 -1 -1 -1 -1 -1 -1 -1 -1 -1 -1 -1 -1 -1 -1 -1 -1 -1 -1 -1 -1 -1 
-1 -1 -1 -1 -1 -1 -1 -1 -1 -1 -1 -1 -1 -1 -1 -1 -1 -1 -1 -1 -1 -1 -1 -1 -1 -1 -1 -1 -1 -1 -1 -1 -1 -1 -1 -1 -1 -1 -1 -1 -1 -1 -1 -1 
-1 -1 -1 -1 -1 -1 -1 -1 -1 -1 -1 -1 -1 -1 -1 -1 -1 -1 -1 -1 -1 -1 -1 -1 -1 -1 -1 -1 -1 -1 -1 -1 -1 -1 -1 -1 -1 -1 -1 -1 -1 -1 -1 -1 
-1 -1 -1 -1 -1 -1 -1 -1 -1 -1 -1 -1 -1 -1 -1 -1 -1 -1 -1 -1 -1 -1 -1 -1 -1 -1 -1 -1 -1 -1 -1 -1 -1 -1 -1 -1 -1 -1 -1 -1 -1 -1 -1 -1 
-1 -1 -1 -1 -1 -1 -1 -1 -1 -1 -1 -1 -1 -1 -1 -1 -1 -1 -1 -1 -1 -1 -1 -1 -1 -1 -1 -1 -1 -1 -1 -1 -1 -1 -1 -1 -1 -1 -1 -1 -1 -1 -1 -1 
-1 -1 -1 -1 -1 -1 -1 -1 -1 -1 -1 -1 -1 -1 -1 -1 -1 -1 -1 -1 -1 -1 -1 -1 -1 -1 -1 -1 -1 -1 -1 -1 -1 -1 -1 -1 -1 -1 -1 -1 -1 -1 -1 -1 
-1 -1 -1 -1 -1 -1 -1 -1 -1 -1 -1 -1 -1 -1 -1 -1 -1 -1 -1 -1 -1 -1 -1 -1 -1 -1 -1 -1 -1 -1 -1 -1 -1 -1 -1 -1 -1 -1 -1 -1 -1 -1 -1 -1 

